44
      710.24  6.63031e-08  2.35508e-10
      710.37  6.92145e-08  2.37490e-10
      710.49  6.15415e-08  2.23680e-10
      710.62  5.71795e-08  2.15531e-10
      710.75  5.46311e-08  2.43655e-10
      710.87  5.22448e-08  2.36700e-10
      711.00  5.23332e-08  2.04280e-10
      711.12  5.37744e-08  2.06418e-10
      711.25  5.33414e-08  2.05130e-10
      711.38  5.17730e-08  2.02295e-10
      711.50  5.09144e-08  2.01132e-10
      711.63  5.10189e-08  2.01692e-10
      711.76  5.10847e-08  2.02058e-10
      711.88  5.05134e-08  2.23657e-10
      712.01  5.26359e-08  2.29223e-10
      712.14  5.52516e-08  2.12149e-10
      712.26  5.42302e-08  2.11930e-10
      712.39  5.28676e-08  2.10303e-10
      712.52  5.95314e-08  2.24729e-10
      712.64  7.64746e-08  2.55399e-10
      712.77  6.83178e-08  2.35189e-10
      712.90  5.58588e-08  2.19414e-10
      713.03  5.12915e-08  2.14929e-10
      713.15  5.02102e-08  2.14931e-10
      713.28  4.97335e-08  2.17901e-10
      713.41  4.96448e-08  2.19099e-10
      713.53  4.95652e-08  2.23361e-10
      713.66  4.97776e-08  2.27296e-10
      713.79  4.98068e-08  2.30519e-10
      713.92  5.09630e-08  2.35770e-10
      714.04  5.05199e-08  2.36957e-10
      714.17  4.96133e-08  2.37549e-10
      714.30  5.01529e-08  2.42486e-10
      714.43  5.22846e-08  2.49421e-10
      714.55  5.25786e-08  2.52410e-10
      714.68  5.25336e-08  2.53682e-10
      714.81  5.31536e-08  2.57623e-10
      714.94  6.15697e-08  2.78706e-10
      715.07  6.48458e-08  2.81932e-10
      715.19  5.71407e-08  2.64184e-10
      715.32  5.22537e-08  2.55259e-10
      715.45  5.09691e-08  2.50759e-10
      715.58  5.04518e-08  2.48375e-10
      715.71  5.00760e-08  2.44531e-10
      