1.00E+01 1.0
9.44E+00 1.0
8.91E+00 1.0
8.41E+00 1.0
7.94E+00 1.0
7.50E+00 1.0
7.08E+00 1.0
6.68E+00 1.0
6.31E+00 1.0
5.96E+00 1.0
5.62E+00 1.0
5.31E+00 1.0
5.01E+00 1.0
4.73E+00 1.0
4.47E+00 1.0
4.22E+00 1.0
3.98E+00 1.0
3.76E+00 1.0
3.55E+00 1.0
3.35E+00 1.0
3.16E+00 1.0
2.99E+00 1.0
2.82E+00 1.0
2.66E+00 1.0
2.51E+00 1.0
2.37E+00 1.0
2.24E+00 1.0
2.11E+00 1.0
2.00E+00 1.0
1.88E+00 1.0
1.78E+00 1.0
1.68E+00 1.0
1.58E+00 1.0
1.50E+00 1.0
1.41E+00 1.0
1.33E+00 1.0
1.26E+00 1.0
1.19E+00 1.0
1.12E+00 1.0
1.06E+00 1.0
1.00E+00 1.0
9.44E-01 1.0
8.91E-01 1.0
8.41E-01 1.0
7.94E-01 1.0
7.50E-01 1.0
7.08E-01 1.0
6.68E-01 1.0
6.31E-01 1.0
5.96E-01 1.0
5.62E-01 1.0
5.31E-01 1.0
5.01E-01 1.0
4.73E-01 1.0
4.47E-01 1.0
4.22E-01 1.0
3.98E-01 1.0
3.76E-01 1.0
3.55E-01 1.0
3.35E-01 1.0
3.16E-01 1.0
2.99E-01 1.0
2.82E-01 1.0
2.66E-01 1.0
2.51E-01 1.0
2.37E-01 1.0
2.24E-01 1.0
2.11E-01 1.0
2.00E-01 1.0
1.88E-01 1.0
1.78E-01 1.0
1.68E-01 0.0
1.58E-01 0.0
1.50E-01 0.0
1.41E-01 0.0
1.33E-01 0.0
1.26E-01 0.0
1.19E-01 0.0
1.12E-01 0.0
1.06E-01 0.0
1.00E-01 0.0
9.44E-02 0.0
8.91E-02 0.0
8.41E-02 0.0
7.94E-02 0.0
7.50E-02 0.0
7.08E-02 0.0
6.68E-02 0.0
6.31E-02 0.0
5.96E-02 0.0
5.62E-02 0.0
5.31E-02 0.0
5.01E-02 0.0
4.73E-02 0.0
4.47E-02 0.0
4.22E-02 0.0
3.98E-02 0.0
3.76E-02 0.0
3.55E-02 0.0
3.35E-02 0.0
3.16E-02 0.0
2.99E-02 0.0
2.82E-02 0.0
2.66E-02 0.0
2.51E-02 0.0
2.37E-02 0.0
2.24E-02 0.0
2.11E-02 0.0
2.00E-02 0.0
1.88E-02 0.0
1.78E-02 0.0
1.68E-02 0.0
1.58E-02 0.0
1.50E-02 0.0
1.41E-02 0.0
1.33E-02 0.0
1.26E-02 0.0
1.19E-02 0.0
1.12E-02 0.0
1.06E-02 0.0
1.00E-02 0.0
9.44E-03 0.0
8.91E-03 0.0
8.41E-03 0.0
7.94E-03 0.0
7.50E-03 0.0
7.08E-03 0.0
6.68E-03 0.0
6.31E-03 0.0
5.96E-03 0.0
5.62E-03 0.0
5.31E-03 0.0
5.01E-03 0.0
4.73E-03 0.0
4.47E-03 0.0
4.22E-03 0.0
3.98E-03 0.0
3.76E-03 0.0
3.55E-03 0.0
3.35E-03 0.0
3.16E-03 0.0
2.99E-03 0.0
2.82E-03 0.0
2.66E-03 0.0
2.51E-03 0.0
2.37E-03 0.0
2.24E-03 0.0
2.11E-03 0.0
2.00E-03 0.0
1.88E-03 0.0
1.78E-03 0.0
1.68E-03 0.0
1.58E-03 0.0
1.50E-03 0.0
1.41E-03 0.0
1.33E-03 0.0
1.26E-03 0.0
1.19E-03 0.0
1.12E-03 0.0
1.06E-03 0.0
1.00E-03 0.0
9.44E-04 0.0
8.91E-04 0.0
8.41E-04 0.0
7.94E-04 0.0
7.50E-04 0.0
7.08E-04 0.0
6.68E-04 0.0
6.31E-04 0.0
5.96E-04 0.0
5.62E-04 0.0
5.31E-04 0.0
5.01E-04 0.0
4.73E-04 0.0
4.47E-04 0.0
4.22E-04 0.0
3.98E-04 0.0
3.76E-04 0.0
3.55E-04 0.0
3.35E-04 0.0
3.16E-04 0.0
2.99E-04 0.0
2.82E-04 0.0
2.66E-04 0.0
2.51E-04 0.0
2.37E-04 0.0
2.24E-04 0.0
2.11E-04 0.0
2.00E-04 0.0
1.88E-04 0.0
1.78E-04 0.0
1.68E-04 0.0
1.58E-04 0.0
1.50E-04 0.0
1.41E-04 0.0
1.33E-04 0.0
1.26E-04 0.0
1.19E-04 0.0
1.12E-04 0.0
1.06E-04 0.0
1.00E-04 0.0
9.44E-05 0.0
8.91E-05 0.0
8.41E-05 0.0
7.94E-05 0.0
7.50E-05 0.0
7.08E-05 0.0
6.68E-05 0.0
6.31E-05 0.0
5.96E-05 0.0
5.62E-05 0.0
5.31E-05 0.0
5.01E-05 0.0
4.73E-05 0.0
4.47E-05 0.0
4.22E-05 0.0
3.98E-05 0.0
3.76E-05 0.0
3.55E-05 0.0
3.35E-05 0.0
3.16E-05 0.0
2.99E-05 0.0
2.82E-05 0.0
2.66E-05 0.0
2.51E-05 0.0
2.37E-05 0.0
2.24E-05 0.0
2.11E-05 0.0
2.00E-05 0.0
1.88E-05 0.0
1.78E-05 0.0
1.68E-05 0.0
1.58E-05 0.0
1.50E-05 0.0
1.41E-05 0.0
1.33E-05 0.0
1.26E-05 0.0
1.19E-05 0.0
1.12E-05 0.0
1.06E-05 0.0
1.00E-05 0.0
9.44E-06 0.0
8.91E-06 0.0
8.41E-06 0.0
7.94E-06 0.0
7.50E-06 0.0
7.08E-06 0.0
6.68E-06 0.0
6.31E-06 0.0
5.96E-06 0.0
5.62E-06 0.0
5.31E-06 0.0
5.01E-06 0.0
4.73E-06 0.0
4.47E-06 0.0
4.22E-06 0.0
3.98E-06 0.0
3.76E-06 0.0
3.55E-06 0.0
3.35E-06 0.0
3.16E-06 0.0
2.99E-06 0.0
2.82E-06 0.0
2.66E-06 0.0
2.51E-06 0.0
2.37E-06 0.0
2.24E-06 0.0
2.11E-06 0.0
2.00E-06 0.0
1.88E-06 0.0
1.78E-06 0.0
1.68E-06 0.0
1.58E-06 0.0
1.50E-06 0.0
1.41E-06 0.0
1.33E-06 0.0
1.26E-06 0.0
1.19E-06 0.0
1.12E-06 0.0
1.06E-06 0.0
1.00E-06 0.0
9.44E-07 0.0
8.91E-07 0.0
8.41E-07 0.0
7.94E-07 0.0
7.50E-07 0.0
7.08E-07 0.0
6.68E-07 0.0
6.31E-07 0.0
5.96E-07 0.0
5.62E-07 0.0
5.31E-07 0.0
5.01E-07 0.0
4.73E-07 0.0
4.47E-07 0.0
4.22E-07 0.0
3.98E-07 0.0
3.76E-07 0.0
3.55E-07 0.0
3.35E-07 0.0
3.16E-07 0.0
2.99E-07 0.0
2.82E-07 0.0
2.66E-07 0.0
2.51E-07 0.0
2.37E-07 0.0
2.24E-07 0.0
2.11E-07 0.0
2.00E-07 0.0
1.88E-07 0.0
1.78E-07 0.0
1.68E-07 0.0
1.58E-07 0.0
1.50E-07 0.0
1.41E-07 0.0
1.33E-07 0.0
1.26E-07 0.0
1.19E-07 0.0
1.12E-07 0.0
1.06E-07 0.0
1.00E-07 0.0
9.44E-08 0.0
8.91E-08 0.0
8.41E-08 0.0
7.94E-08 0.0
7.50E-08 0.0
7.08E-08 0.0
6.68E-08 0.0
6.31E-08 0.0
5.96E-08 0.0
5.62E-08 0.0
5.31E-08 0.0
5.01E-08 0.0
4.73E-08 0.0
4.47E-08 0.0
4.22E-08 0.0
3.98E-08 0.0
3.76E-08 0.0
3.55E-08 0.0
3.35E-08 0.0
3.16E-08 0.0
2.99E-08 0.0
2.82E-08 0.0
2.66E-08 0.0
2.51E-08 0.0
2.37E-08 0.0
2.24E-08 0.0
2.11E-08 0.0
2.00E-08 0.0
1.88E-08 0.0
1.78E-08 0.0
1.68E-08 0.0
1.58E-08 0.0
1.50E-08 0.0
1.41E-08 0.0
1.33E-08 0.0
1.26E-08 0.0
1.19E-08 0.0
1.12E-08 0.0
1.06E-08 0.0
1.00E-08 0.0
