-1.00000-1.00000-1.00000 4.09091-1.00000-1.00000  .79679  .27141 -.85139  .59819
 -.00412 -.31878  .18283  .15133 -.32477  .21392  .02191 -.14717  .07524  .08569
 -.16823  .10771  .01794 -.08386  .04014  .05426 -.10240  .06447  .01345 -.05399
  .02474  .03726 -.06876  .04281  .01019 -.03761  .01670  .02711 -.04932  .03046
  .00792 -.02769  .01201  .02059 -.03708  .02276  .00630 -.02122  .00904  .01616
 -.02889
-1.00000-1.00000-1.00000-1.00000 1.46154-1.00000  .52036 -.38246  .48307 -.58061
  .54775 -.42488  .32187 -.30004  .33377 -.35746  .33367 -.27900  .23619 -.22949
  .24628 -.25572  .24034 -.20959  .18643 -.18371  .19376 -.19855  .18803 -.16835
  .15390 -.15262  .15930 -.16211  .15451 -.14085  .13100 -.13033  .13510 -.13691
  .13118 -.12115  .11400 -.11364  .11722 -.11846  .11400 -.10631  .10090 -.10070
  .10348
11.00000-1.00000-1.00000 1.01399  .09091-1.00000  .94475 -.16780 -.51321  .52338
  .01421 -.50745  .49964 -.06185 -.34591  .34888  .00564 -.34073  .33830 -.03176
 -.26007  .26130  .00304 -.25650  .25545 -.01926 -.20817  .20879  .00191 -.20566
  .20511 -.01291 -.17348  .17383  .00131 -.17164  .17132 -.00925 -.14867  .14889
  .00095 -.14727  .14707 -.00695 -.13006  .13021  .00073 -.12896  .12882 -.00541
 -.11559
-1.00000-1.00000-1.00000-1.00000-1.00000-1.00000 1.82353-1.00000 -.00478  .22586
  .19088 -.58488  .55212 -.21168 -.06443  .05729  .14181 -.28953  .24581 -.07845
 -.04207  .01948  .09314 -.16876  .13649 -.03831 -.02777  .00772  .06418 -.10976
  .08625 -.02197 -.01938  .00323  .04653 -.07688  .05925 -.01398 -.01420  .00128
  .03515 -.05678  .04315 -.00956 -.01082  .00037  .02744 -.04362  .03279 -.00690
 -.00850
-1.00000-1.00000-1.00000-1.00000 2.35664-1.00000 -.43987  .63467  .00794 -.53268
  .47071 -.04638 -.25892  .20786  .05459 -.23119  .17454  .01650 -.14054  .09758
  .03999 -.12597  .08757  .02020 -.08639  .05576  .02883 -.07869  .05185  .01719
 -.05811  .03585  .02073 -.05366  .03404  .01393 -.04166  .02491  .01572 -.03888
  .02397  .01128 -.03129  .01828  .01229 -.02945  .01775  .00924 -.02434  .01397
  .00985
-1.00000-1.00000-1.00000 2.16484-1.00000-1.00000 1.60491 -.46218-1.00000 1.31017
 -.34627 -.78497  .98223 -.18287 -.72146  .84929 -.16187 -.59662  .69125 -.09565
 -.55198  .62115 -.09262 -.47526  .53051 -.05845 -.44470  .48796 -.05974 -.39348
  .42963 -.03932 -.37166  .40124 -.04166 -.33521  .36069 -.02824 -.31896  .34046
 -.03069 -.29177  .31068 -.02125 -.27924  .29557 -.02353 -.25819  .27279 -.01656
 -.024825
11.00000-1.00000-1.00000  .40260  .62896-1.00000  .67713 -.17620 -.04947 -.07182
  .30704 -.40281  .29894 -.12495  .04080 -.09160  .19422 -.23764  .18677 -.09887
  .05507 -.08289  .14023 -.16496  .13482 -.08186  .05504 -.07257  .10916 -.12512
  .10520 -.06982  .05172 -.06377  .08914 -.10029  .08615 -.06085  .04781 -.05661
  .07522 -.08345  .07290 -.05391  .04406 -.05077  .06501 -.07133  .06315 -.04838
  .04069


