871
      862.06  9.03333e-08  3.00000e-10
      862.34  8.79264e-08  3.00000e-10
      862.63  8.46567e-08  3.00000e-10
      862.92  8.21619e-08  3.00000e-10
      863.21  8.39743e-08  3.00000e-10
      863.50  8.65949e-08  3.00000e-10
      863.79  8.73493e-08  3.00000e-10
      864.07  8.58774e-08  3.00000e-10
      864.36  8.43973e-08  3.00000e-10
      864.65  8.38767e-08  3.00000e-10
      864.94  8.33858e-08  3.00000e-10
      865.22  8.24026e-08  3.00000e-10
      865.52  7.92290e-08  3.00000e-10
      865.80  7.58079e-08  3.00000e-10
      866.09  7.32921e-08  3.00000e-10
      866.38  7.13935e-08  3.00000e-10
      866.67  6.82354e-08  3.00000e-10
      866.96  6.21025e-08  3.00000e-10
      867.25  5.40670e-08  3.00000e-10
      867.54  4.52688e-08  3.00000e-10
      867.83  4.14173e-08  3.00000e-10
      868.12  4.61718e-08  3.00000e-10
      868.40  5.47266e-08  3.00000e-10
      868.70  5.97171e-08  3.00000e-10
      868.98  6.36460e-08  3.00000e-10
      869.27  6.68255e-08  3.00000e-10
      869.57  6.83284e-08  3.00000e-10
      869.85  6.89689e-08  3.00000e-10
      870.14  6.87369e-08  3.00000e-10
      870.44  6.69600e-08  3.00000e-10
      870.72  6.40453e-08  3.00000e-10
      871.01  5.83555e-08  3.00000e-10
      871.31  5.18037e-08  3.00000e-10
      871.60  4.43702e-08  3.00000e-10
      871.88  4.12548e-08  3.00000e-10
      872.17  4.34660e-08  3.00000e-10
      872.46  4.09202e-08  3.00000e-10
      872.76  4.13594e-08  3.00000e-10
      873.05  4.87386e-08  3.00000e-10
      873.34  5.63913e-08  3.00000e-10
      873.63  6.20241e-08  3.00000e-10
      873.92  6.54101e-08  3.00000e-10
      874.21  6.75485e-08  3.00000e-10
      874.51  6.98578e-08  3.00000e-10
      874.80  7.20112e-08  3.00000e-10
      875.09  7.44449e-08  3.00000e-10
      875.38  7.59702e-08  3.00000e-10
      875.67  7.70769e-08  3.00000e-10
      875.96  7.80597e-08  3.00000e-10
      876.25  7.85024e-08  3.00000e-10
      876.55  7.98421e-08  3.00000e-10
      876.84  8.05386e-08  3.00000e-10
      877.13  8.11458e-08  3.00000e-10
      877.42  8.20433e-08  3.00000e-10
      877.72  8.16504e-08  3.00000e-10
      878.01  8.18628e-08  3.00000e-10
      878.30  8.20192e-08  3.00000e-10
      878.60  8.29427e-08  3.00000e-10
      878.89  8.31953e-08  3.00000e-10
      879.18  8.26182e-08  3.00000e-10
      879.48  8.22033e-08  3.00000e-10
      879.77  8.19841e-08  3.00000e-10
      880.06  8.27686e-08  3.00000e-10
      880.35  8.30890e-08  3.00000e-10
      880.65  8.28128e-08  3.00000e-10
      880.94  8.20347e-08  3.00000e-10
      881.24  8.07205e-08  3.00000e-10
      881.53  8.00746e-08  3.00000e-10
      881.83  8.01056e-08  3.00000e-10
      882.11  7.98507e-08  3.00000e-10
      882.41  7.80607e-08  3.00000e-10
      882.71  7.34393e-08  3.00000e-10
      883.00  6.99840e-08  3.00000e-10
      883.29  7.15768e-08  3.00000e-10
      883.59  7.40164e-08  3.00000e-10
      883.88  7.47695e-08  3.00000e-10
      884.18  7.39202e-08  3.00000e-10
      884.47  7.21908e-08  3.00000e-10
      884.77  7.03856e-08  3.00000e-10
      885.07  6.89124e-08  3.00000e-10
      885.36  6.70407e-08  3.00000e-10
      885.65  6.56130e-08  3.00000e-10
      885.95  6.33529e-08  3.00000e-10
      886.24  6.01137e-08  3.00000e-10
      886.54  5.71339e-08  3.00000e-10
      886.83  5.35806e-08  3.00000e-10
      887.13  4.94547e-08  3.00000e-10
      887.42  4.39464e-08  3.00000e-10
      887.72  3.54368e-08  3.00000e-10
      888.02  3.09224e-08  3.00000e-10
      888.31  3.48568e-08  3.00000e-10
      888.61  4.11823e-08  3.00000e-10
      888.90  4.71236e-08  3.00000e-10
      889.21  5.09887e-08  3.00000e-10
      889.50  5.22737e-08  3.00000e-10
      889.80  5.22928e-08  3.00000e-10
      890.09  5.11619e-08  3.00000e-10
      890.38  4.96567e-08  3.00000e-10
      890.69  4.75749e-08  3.00000e-10
      890.98  4.48981e-08  3.00000e-10
      891.28  4.03552e-08  3.00000e-10
      891.58  3.44533e-08  3.00000e-10
      891.87  2.69716e-08  3.00000e-10
      892.17  2.56385e-08  3.00000e-10
      892.47  2.98944e-08  3.00000e-10
      892.77  3.64536e-08  3.00000e-10
      893.06  4.14261e-08  3.00000e-10
      893.36  4.53553e-08  3.00000e-10
      893.65  4.87386e-08  3.00000e-10
      893.96  5.23238e-08  3.00000e-10
      894.25  5.49850e-08  3.00000e-10
      894.55  5.65545e-08  3.00000e-10
      894.86  5.75314e-08  3.00000e-10
      895.15  5.86938e-08  3.00000e-10
      895.45  6.05490e-08  3.00000e-10
      895.74  6.25702e-08  3.00000e-10
      896.04  6.44788e-08  3.00000e-10
      896.35  6.51229e-08  3.00000e-10
      896.64  6.53345e-08  3.00000e-10
      896.94  6.60488e-08  3.00000e-10
      897.24  6.70885e-08  3.00000e-10
      897.54  6.81871e-08  3.00000e-10
      897.84  6.92114e-08  3.00000e-10
      898.14  6.92998e-08  3.00000e-10
      898.44  6.88545e-08  3.00000e-10
      898.74  6.89908e-08  3.00000e-10
      899.04  7.06035e-08  3.00000e-10
      899.34  7.13402e-08  3.00000e-10
      899.64  7.19332e-08  3.00000e-10
      899.94  7.09878e-08  3.00000e-10
      900.24  7.04080e-08  3.00000e-10
      900.54  7.06646e-08  3.00000e-10
      900.84  7.12344e-08  3.00000e-10
      901.14  7.20627e-08  3.00000e-10
      901.44  7.20800e-08  3.00000e-10
      901.74  7.09131e-08  3.00000e-10
      902.04  7.01295e-08  3.00000e-10
      902.34  6.99471e-08  3.00000e-10
      902.64  6.90040e-08  3.00000e-10
      902.94  6.58085e-08  3.00000e-10
      903.24  6.21035e-08  3.00000e-10
      903.55  6.48982e-08  3.00000e-10
      903.85  6.68000e-08  3.00000e-10
      904.14  6.76980e-08  3.00000e-10
      904.45  6.78667e-08  3.00000e-10
      904.75  6.58031e-08  3.00000e-10
      905.05  6.33283e-08  3.00000e-10
      905.35  6.02846e-08  3.00000e-10
      905.66  5.83888e-08  3.00000e-10
      905.95  5.68645e-08  3.00000e-10
      906.26  5.43810e-08  3.00000e-10
      906.56  5.02589e-08  3.00000e-10
      906.87  4.56804e-08  3.00000e-10
      907.16  4.14079e-08  3.00000e-10
      907.47  3.71609e-08  3.00000e-10
      907.77  3.18327e-08  3.00000e-10
      908.08  2.60479e-08  3.00000e-10
      908.37  2.63163e-08  3.00000e-10
      908.68  3.21543e-08  3.00000e-10
      908.98  3.73194e-08  3.00000e-10
      909.28  4.06100e-08  3.00000e-10
      909.59  4.55135e-08  3.00000e-10
      909.89  4.92255e-08  3.00000e-10
      910.19  5.16300e-08  3.00000e-10
      910.50  5.34356e-08  3.00000e-10
      910.80  5.60736e-08  3.00000e-10
      911.10  5.76531e-08  3.00000e-10
      911.41  6.00658e-08  3.00000e-10
      911.71  6.03954e-08  3.00000e-10
      912.02  5.90871e-08  3.00000e-10
      912.32  5.89700e-08  3.00000e-10
      912.62  6.11211e-08  3.00000e-10
      912.92  6.36720e-08  3.00000e-10
      913.23  6.52520e-08  3.00000e-10
      913.53  6.46767e-08  3.00000e-10
      913.84  6.56791e-08  3.00000e-10
      914.14  6.68196e-08  3.00000e-10
      914.45  6.69057e-08  3.00000e-10
      914.75  6.73917e-08  3.00000e-10
      915.06  6.75754e-08  3.00000e-10
      915.37  6.48526e-08  3.00000e-10
      915.67  6.23277e-08  3.00000e-10
      915.98  6.38179e-08  3.00000e-10
      916.28  6.56390e-08  3.00000e-10
      916.59  6.71970e-08  3.00000e-10
      916.89  6.75321e-08  3.00000e-10
      917.20  6.65041e-08  3.00000e-10
      917.51  6.55204e-08  3.00000e-10
      917.81  6.46234e-08  3.00000e-10
      918.11  6.28296e-08  3.00000e-10
      918.42  5.66443e-08  3.00000e-10
      918.73  5.42219e-08  3.00000e-10
      919.03  5.77880e-08  3.00000e-10
      919.34  6.03065e-08  3.00000e-10
      919.65  6.11298e-08  3.00000e-10
      919.96  6.04592e-08  3.00000e-10
      920.26  5.88328e-08  3.00000e-10
      920.57  5.55106e-08  3.00000e-10
      920.88  5.00346e-08  3.00000e-10
      921.18  4.30154e-08  3.00000e-10
      921.49  4.35381e-08  3.00000e-10
      921.79  4.87509e-08  3.00000e-10
      922.10  5.16674e-08  3.00000e-10
      922.41  5.23316e-08  3.00000e-10
      922.72  4.96302e-08  3.00000e-10
      923.03  4.42009e-08  3.00000e-10
      923.34  3.88938e-08  3.00000e-10
      923.64  3.58506e-08  3.00000e-10
      923.95  3.82065e-08  3.00000e-10
      924.26  4.12370e-08  3.00000e-10
      924.57  4.14909e-08  3.00000e-10
      924.87  3.95615e-08  3.00000e-10
      925.18  3.71186e-08  3.00000e-10
      925.49  3.07960e-08  3.00000e-10
      925.80  2.92619e-08  3.00000e-10
      926.11  3.17485e-08  3.00000e-10
      926.41  3.27724e-08  3.00000e-10
      926.72  3.05708e-08  3.00000e-10
      927.03  2.52537e-08  3.00000e-10
      927.34  2.14045e-08  3.00000e-10
      927.65  2.14585e-08  3.00000e-10
      927.96  2.11172e-08  3.00000e-10
      928.27  1.91836e-08  3.00000e-10
      928.58  1.84098e-08  3.00000e-10
      928.89  1.85773e-08  3.00000e-10
      929.20  1.96845e-08  3.00000e-10
      929.51  2.00814e-08  3.00000e-10
      929.82  1.78944e-08  3.00000e-10
      930.13  1.67265e-08  3.00000e-10
      930.44  1.63503e-08  3.00000e-10
      930.75  1.49193e-08  3.00000e-10
      931.06  1.43731e-08  3.00000e-10
      931.37  1.41264e-08  3.00000e-10
      931.68  1.40256e-08  3.00000e-10
      931.99  1.49213e-08  3.00000e-10
      932.30  1.72305e-08  3.00000e-10
      932.61  1.88649e-08  3.00000e-10
      932.92  1.88035e-08  3.00000e-10
      933.24  2.15402e-08  3.00000e-10
      933.55  2.46208e-08  3.00000e-10
      933.86  2.51619e-08  3.00000e-10
      934.17  2.49138e-08  3.00000e-10
      934.48  2.71305e-08  3.00000e-10
      934.79  3.12437e-08  3.00000e-10
      935.10  3.23131e-08  3.00000e-10
      935.42  3.28617e-08  3.00000e-10
      935.73  3.31358e-08  3.00000e-10
      936.04  3.54431e-08  3.00000e-10
      936.35  3.80295e-08  3.00000e-10
      936.66  4.04951e-08  3.00000e-10
      936.98  4.11179e-08  3.00000e-10
      937.29  4.20077e-08  3.00000e-10
      937.60  4.28899e-08  3.00000e-10
      937.91  4.46116e-08  3.00000e-10
      938.23  4.58759e-08  3.00000e-10
      938.53  4.59881e-08  3.00000e-10
      938.85  4.66928e-08  3.00000e-10
      939.16  4.77216e-08  3.00000e-10
      939.48  4.85125e-08  3.00000e-10
      939.79  4.92191e-08  3.00000e-10
      940.11  4.97310e-08  3.00000e-10
      940.41  4.97789e-08  3.00000e-10
      940.73  4.98171e-08  3.00000e-10
      941.04  5.02101e-08  3.00000e-10
      941.36  5.04681e-08  3.00000e-10
      941.67  5.04467e-08  3.00000e-10
      941.98  5.03268e-08  3.00000e-10
      942.30  4.99990e-08  3.00000e-10
      942.61  4.91047e-08  3.00000e-10
      942.92  4.69918e-08  3.00000e-10
      943.25  4.66080e-08  3.00000e-10
      943.56  4.73246e-08  3.00000e-10
      943.87  4.60040e-08  3.00000e-10
      944.19  4.21226e-08  3.00000e-10
      944.50  4.15443e-08  3.00000e-10
      944.81  4.22994e-08  3.00000e-10
      945.13  4.29318e-08  3.00000e-10
      945.45  4.30087e-08  3.00000e-10
      945.76  4.10051e-08  3.00000e-10
      946.07  3.93176e-08  3.00000e-10
      946.40  3.91953e-08  3.00000e-10
      946.71  3.82646e-08  3.00000e-10
      947.02  3.50377e-08  3.00000e-10
      947.34  3.11091e-08  3.00000e-10
      947.65  2.65741e-08  3.00000e-10
      947.98  2.15258e-08  3.00000e-10
      948.29  1.90914e-08  3.00000e-10
      948.61  2.19396e-08  3.00000e-10
      948.92  2.57466e-08  3.00000e-10
      949.24  2.97517e-08  3.00000e-10
      949.55  3.22289e-08  3.00000e-10
      949.87  3.28338e-08  3.00000e-10
      950.18  3.24126e-08  3.00000e-10
      950.51  3.08090e-08  3.00000e-10
      950.82  2.86430e-08  3.00000e-10
      951.14  2.45361e-08  3.00000e-10
      951.46  2.07336e-08  3.00000e-10
      951.77  1.77997e-08  3.00000e-10
      952.09  1.97517e-08  3.00000e-10
      952.41  2.47878e-08  3.00000e-10
      952.73  2.82027e-08  3.00000e-10
      953.04  3.20636e-08  3.00000e-10
      953.36  3.51047e-08  3.00000e-10
      953.68  3.63074e-08  3.00000e-10
      954.00  3.72304e-08  3.00000e-10
      954.32  3.61310e-08  3.00000e-10
      954.63  3.50935e-08  3.00000e-10
      954.95  3.71789e-08  3.00000e-10
      955.26  3.85367e-08  3.00000e-10
      955.58  4.06637e-08  3.00000e-10
      955.90  4.10336e-08  3.00000e-10
      956.22  4.00319e-08  3.00000e-10
      956.54  4.14518e-08  3.00000e-10
      956.87  4.35062e-08  3.00000e-10
      957.18  4.42488e-08  3.00000e-10
      957.50  4.38880e-08  3.00000e-10
      957.82  4.29030e-08  3.00000e-10
      958.14  4.24581e-08  3.00000e-10
      958.46  4.25368e-08  3.00000e-10
      958.77  4.21007e-08  3.00000e-10
      959.10  4.10687e-08  3.00000e-10
      959.42  3.91221e-08  3.00000e-10
      959.74  3.82012e-08  3.00000e-10
      960.05  3.76011e-08  3.00000e-10
      960.38  3.59833e-08  3.00000e-10
      960.70  3.41053e-08  3.00000e-10
      961.01  3.20514e-08  3.00000e-10
      961.34  3.08071e-08  3.00000e-10
      961.66  3.01121e-08  3.00000e-10
      961.97  2.68940e-08  3.00000e-10
      962.30  2.47800e-08  3.00000e-10
      962.62  2.53625e-08  3.00000e-10
      962.94  2.50871e-08  3.00000e-10
      963.26  2.29401e-08  3.00000e-10
      963.59  2.11790e-08  3.00000e-10
      963.90  2.04875e-08  3.00000e-10
      964.23  1.94191e-08  3.00000e-10
      964.54  1.67477e-08  3.00000e-10
      964.87  1.59987e-08  3.00000e-10
      965.19  1.48008e-08  3.00000e-10
      965.51  1.33071e-08  3.00000e-10
      965.83  1.31169e-08  3.00000e-10
      966.16  1.23285e-08  3.00000e-10
      966.47  1.15249e-08  3.00000e-10
      966.80  1.10992e-08  3.00000e-10
      967.12  1.04222e-08  3.00000e-10
      967.45  1.03320e-08  3.00000e-10
      967.76  1.08161e-08  3.00000e-10
      968.09  1.28156e-08  3.00000e-10
      968.41  1.54783e-08  3.00000e-10
      968.74  1.89812e-08  3.00000e-10
      969.06  2.14566e-08  3.00000e-10
      969.38  2.31689e-08  3.00000e-10
      969.71  2.46362e-08  3.00000e-10
      970.03  2.57467e-08  3.00000e-10
      970.36  2.63015e-08  3.00000e-10
      970.68  2.58314e-08  3.00000e-10
      971.00  2.45603e-08  3.00000e-10
      971.33  2.16657e-08  3.00000e-10
      971.65  1.76316e-08  3.00000e-10
      971.97  1.63804e-08  3.00000e-10
      972.29  1.91138e-08  3.00000e-10
      972.62  2.40909e-08  3.00000e-10
      972.94  2.75045e-08  3.00000e-10
      973.26  2.97227e-08  3.00000e-10
      973.59  3.11971e-08  3.00000e-10
      973.92  2.98742e-08  3.00000e-10
      974.24  3.17060e-08  3.00000e-10
      974.56  3.56419e-08  3.00000e-10
      974.89  3.83889e-08  3.00000e-10
      975.21  3.97172e-08  3.00000e-10
      975.54  4.11219e-08  3.00000e-10
      975.87  4.25179e-08  3.00000e-10
      976.19  4.29114e-08  3.00000e-10
      976.51  4.37399e-08  3.00000e-10
      976.84  4.42078e-08  3.00000e-10
      977.16  4.52173e-08  3.00000e-10
      977.49  4.58080e-08  3.00000e-10
      977.82  4.60523e-08  3.00000e-10
      978.15  4.65611e-08  3.00000e-10
      978.47  4.70889e-08  3.00000e-10
      978.80  4.74805e-08  3.00000e-10
      979.12  4.75812e-08  3.00000e-10
      979.45  4.77681e-08  3.00000e-10
      979.78  4.80813e-08  3.00000e-10
      980.10  4.81032e-08  3.00000e-10
      980.43  4.80699e-08  3.00000e-10
      980.76  4.78862e-08  3.00000e-10
      981.09  4.80571e-08  3.00000e-10
      981.41  4.80539e-08  3.00000e-10
      981.74  4.72726e-08  3.00000e-10
      982.07  4.62342e-08  3.00000e-10
      982.39  4.67553e-08  3.00000e-10
      982.72  4.65880e-08  3.00000e-10
      983.05  4.29975e-08  3.00000e-10
      983.37  4.09457e-08  3.00000e-10
      983.70  4.27521e-08  3.00000e-10
      984.03  4.35158e-08  3.00000e-10
      984.36  4.29465e-08  3.00000e-10
      984.69  4.25480e-08  3.00000e-10
      985.02  4.23649e-08  3.00000e-10
      985.35  4.20356e-08  3.00000e-10
      985.67  4.05413e-08  3.00000e-10
      986.00  3.97016e-08  3.00000e-10
      986.33  3.87768e-08  3.00000e-10
      986.66  3.56701e-08  3.00000e-10
      986.99  3.37514e-08  3.00000e-10
      987.31  3.32636e-08  3.00000e-10
      987.64  3.13152e-08  3.00000e-10
      987.98  3.06364e-08  3.00000e-10
      988.31  2.86321e-08  3.00000e-10
      988.63  2.59539e-08  3.00000e-10
      988.96  2.52952e-08  3.00000e-10
      989.30  2.45222e-08  3.00000e-10
      989.62  2.30550e-08  3.00000e-10
      989.95  2.19333e-08  3.00000e-10
      990.28  2.07290e-08  3.00000e-10
      990.61  1.98485e-08  3.00000e-10
      990.94  1.89155e-08  3.00000e-10
      991.28  1.66807e-08  3.00000e-10
      991.60  1.38436e-08  3.00000e-10
      991.94  1.24373e-08  3.00000e-10
      992.27  1.15623e-08  3.00000e-10
      992.60  1.10434e-08  3.00000e-10
      992.93  1.24142e-08  3.00000e-10
      993.26  1.55133e-08  3.00000e-10
      993.59  1.81444e-08  3.00000e-10
      993.92  2.07270e-08  3.00000e-10
      994.25  2.30388e-08  3.00000e-10
      994.58  2.53470e-08  3.00000e-10
      994.92  2.61669e-08  3.00000e-10
      995.24  2.77863e-08  3.00000e-10
      995.58  2.87864e-08  3.00000e-10
      995.91  3.04835e-08  3.00000e-10
      996.24  3.14364e-08  3.00000e-10
      996.57  3.27251e-08  3.00000e-10
      996.91  3.26773e-08  3.00000e-10
      997.24  3.38365e-08  3.00000e-10
      997.58  3.42811e-08  3.00000e-10
      997.90  3.52514e-08  3.00000e-10
      998.23  3.53773e-08  3.00000e-10
      998.57  3.59576e-08  3.00000e-10
      998.90  3.55934e-08  3.00000e-10
      999.24  3.60855e-08  3.00000e-10
      999.57  3.59682e-08  3.00000e-10
      999.90  3.60513e-08  3.00000e-10
      1000.24  3.44127e-08  3.00000e-10
      1000.57  3.20363e-08  3.00000e-10
      1000.90  3.22170e-08  3.00000e-10
      1001.24  3.40113e-08  3.00000e-10
      1220.33  6.13226e-09  3.00000e-10
      1220.60  6.10140e-09  3.00000e-10
      1220.88  6.10131e-09  3.00000e-10
      1221.15  6.09675e-09  3.00000e-10
      1221.42  6.02537e-09  3.00000e-10
      1221.69  6.04469e-09  3.00000e-10
      1221.96  6.13372e-09  3.00000e-10
      1222.23  6.31647e-09  3.00000e-10
      1222.51  6.47537e-09  3.00000e-10
      1222.78  6.66382e-09  3.00000e-10
      1223.05  7.03382e-09  3.00000e-10
      1223.32  7.34484e-09  3.00000e-10
      1223.59  7.75173e-09  3.00000e-10
      1223.86  8.56997e-09  3.00000e-10
      1224.14  9.20181e-09  3.00000e-10
      1224.41  9.58052e-09  3.00000e-10
      1224.68  9.61284e-09  3.00000e-10
      1224.95  8.68798e-09  3.00000e-10
      1225.22  7.66890e-09  3.00000e-10
      1225.50  7.09322e-09  3.00000e-10
      1225.77  6.39150e-09  3.00000e-10
      1226.04  6.45331e-09  3.00000e-10
      1226.31  6.57702e-09  3.00000e-10
      1226.59  7.00369e-09  3.00000e-10
      1226.86  7.41454e-09  3.00000e-10
      1227.13  7.37990e-09  3.00000e-10
      1227.41  6.93436e-09  3.00000e-10
      1227.68  6.40116e-09  3.00000e-10
      1227.95  6.10423e-09  3.00000e-10
      1228.22  6.24011e-09  3.00000e-10
      1228.50  6.90765e-09  3.00000e-10
      1228.77  7.61215e-09  3.00000e-10
      1229.04  8.00800e-09  3.00000e-10
      1229.32  8.14343e-09  3.00000e-10
      1229.59  8.31000e-09  3.00000e-10
      1229.86  8.33512e-09  3.00000e-10
      1230.14  8.17744e-09  3.00000e-10
      1230.41  7.14929e-09  3.00000e-10
      1230.68  6.31938e-09  3.00000e-10
      1230.96  5.31279e-09  3.00000e-10
      1231.23  4.83685e-09  3.00000e-10
      1231.50  4.78876e-09  3.00000e-10
      1231.78  4.86365e-09  3.00000e-10
      1232.05  4.92396e-09  3.00000e-10
      1232.32  4.84638e-09  3.00000e-10
      1232.60  4.85002e-09  3.00000e-10
      1232.87  5.05077e-09  3.00000e-10
      1233.15  5.34785e-09  3.00000e-10
      1233.42  5.44813e-09  3.00000e-10
      1233.69  5.42078e-09  3.00000e-10
      1233.97  5.03268e-09  3.00000e-10
      1234.24  4.97460e-09  3.00000e-10
      1234.52  5.11423e-09  3.00000e-10
      1234.79  5.12193e-09  3.00000e-10
      1235.07  5.51400e-09  3.00000e-10
      1235.34  6.24932e-09  3.00000e-10
      1235.61  7.16825e-09  3.00000e-10
      1235.89  8.33270e-09  3.00000e-10
      1236.16  8.96700e-09  3.00000e-10
      1236.44  8.86676e-09  3.00000e-10
      1236.71  8.80696e-09  3.00000e-10
      1236.99  8.70070e-09  3.00000e-10
      1237.26  8.49863e-09  3.00000e-10
      1237.54  8.10268e-09  3.00000e-10
      1237.81  7.24296e-09  3.00000e-10
      1238.09  7.16265e-09  3.00000e-10
      1238.36  7.27118e-09  3.00000e-10
      1238.64  7.33062e-09  3.00000e-10
      1238.91  6.91462e-09  3.00000e-10
      1239.19  5.94710e-09  3.00000e-10
      1239.46  5.23676e-09  3.00000e-10
      1239.74  4.95947e-09  3.00000e-10
      1240.02  5.61793e-09  3.00000e-10
      1240.29  6.45135e-09  3.00000e-10
      1240.57  7.68600e-09  3.00000e-10
      1240.84  8.78120e-09  3.00000e-10
      1241.12  8.66856e-09  3.00000e-10
      1241.39  8.11832e-09  3.00000e-10
      1241.67  7.55512e-09  3.00000e-10
      1241.95  7.72939e-09  3.00000e-10
      1242.22  7.94327e-09  3.00000e-10
      1242.50  8.23770e-09  3.00000e-10
      1242.77  8.46749e-09  3.00000e-10
      1243.05  8.10533e-09  3.00000e-10
      1243.33  7.69065e-09  3.00000e-10
      1243.60  6.74847e-09  3.00000e-10
      1243.88  5.00514e-09  3.00000e-10
      1244.16  4.60291e-09  3.00000e-10
      1244.43  4.81661e-09  3.00000e-10
      1244.71  6.66482e-09  3.00000e-10
      1244.99  8.79903e-09  3.00000e-10
      1245.26  1.03041e-08  3.00000e-10
      1245.54  1.13790e-08  3.00000e-10
      1245.82  1.16496e-08  3.00000e-10
      1246.09  1.11972e-08  3.00000e-10
      1246.37  1.10168e-08  3.00000e-10
      1246.65  1.01970e-08  3.00000e-10
      1246.92  9.27698e-09  3.00000e-10
      1247.20  9.60140e-09  3.00000e-10
      1247.48  1.09557e-08  3.00000e-10
      1247.76  1.23312e-08  3.00000e-10
      1248.03  1.18062e-08  3.00000e-10
      1248.31  9.90659e-09  3.00000e-10
      1248.59  7.60431e-09  3.00000e-10
      1248.87  6.59038e-09  3.00000e-10
      1249.14  7.49737e-09  3.00000e-10
      1249.42  8.55643e-09  3.00000e-10
      1249.70  9.64288e-09  3.00000e-10
      1249.97  8.90337e-09  3.00000e-10
      1250.25  7.82106e-09  3.00000e-10
      1250.53  5.55886e-09  3.00000e-10
      1250.81  4.39822e-09  3.00000e-10
      1251.09  4.33014e-09  3.00000e-10
      1251.37  4.57907e-09  3.00000e-10
      1251.64  5.42739e-09  3.00000e-10
      1251.92  6.61308e-09  3.00000e-10
      1252.20  7.39654e-09  3.00000e-10
      1252.48  7.94560e-09  3.00000e-10
      1252.76  8.92420e-09  3.00000e-10
      1253.03  1.21779e-08  3.00000e-10
      1253.31  1.38830e-08  3.00000e-10
      1253.59  1.54841e-08  3.00000e-10
      1253.87  1.48744e-08  3.00000e-10
      1254.15  1.30379e-08  3.00000e-10
      1254.43  1.14378e-08  3.00000e-10
      1254.71  1.04437e-08  3.00000e-10
      1254.99  9.67333e-09  3.00000e-10
      1255.26  8.45733e-09  3.00000e-10
      1255.54  7.88734e-09  3.00000e-10
      1255.82  7.30523e-09  3.00000e-10
      1256.10  8.19832e-09  3.00000e-10
      1256.38  8.91754e-09  3.00000e-10
      1256.66  8.88308e-09  3.00000e-10
      1256.94  7.95435e-09  3.00000e-10
      1257.22  6.86338e-09  3.00000e-10
      1257.50  5.83683e-09  3.00000e-10
      1257.78  5.83022e-09  3.00000e-10
      1258.06  6.15920e-09  3.00000e-10
      1258.34  6.72736e-09  3.00000e-10
      1258.62  7.51150e-09  3.00000e-10
      1258.90  9.18084e-09  3.00000e-10
      1259.18  1.30197e-08  3.00000e-10
      1259.46  1.57420e-08  3.00000e-10
      1259.73  1.71512e-08  3.00000e-10
      1260.02  1.72695e-08  3.00000e-10
      1260.30  1.65172e-08  3.00000e-10
      1260.58  1.58008e-08  3.00000e-10
      1260.86  1.54493e-08  3.00000e-10
      1261.14  1.52245e-08  3.00000e-10
      1261.42  1.48141e-08  3.00000e-10
      1261.70  1.50083e-08  3.00000e-10
      1261.98  1.51968e-08  3.00000e-10
      1262.26  1.46795e-08  3.00000e-10
      1262.54  1.42427e-08  3.00000e-10
      1262.82  1.42510e-08  3.00000e-10
      1263.10  1.45595e-08  3.00000e-10
      1263.38  1.48387e-08  3.00000e-10
      1263.66  1.36140e-08  3.00000e-10
      1263.94  1.16964e-08  3.00000e-10
      1264.22  1.05895e-08  3.00000e-10
      1264.50  9.50408e-09  3.00000e-10
      1264.78  1.05855e-08  3.00000e-10
      1265.07  1.22520e-08  3.00000e-10
      1265.35  1.42911e-08  3.00000e-10
      1265.63  1.49812e-08  3.00000e-10
      1265.91  1.32148e-08  3.00000e-10
      1266.19  1.03026e-08  3.00000e-10
      1266.47  9.06834e-09  3.00000e-10
      1266.75  8.44192e-09  3.00000e-10
      1267.04  1.03205e-08  3.00000e-10
      1267.32  1.24210e-08  3.00000e-10
      1267.60  1.61685e-08  3.00000e-10
      1267.88  1.95374e-08  3.00000e-10
      1268.16  2.10117e-08  3.00000e-10
      1268.44  2.09433e-08  3.00000e-10
      1268.72  2.01162e-08  3.00000e-10
      1269.01  1.84493e-08  3.00000e-10
      1269.29  1.54281e-08  3.00000e-10
      1269.57  1.40846e-08  3.00000e-10
      1269.85  1.27743e-08  3.00000e-10
      1270.14  1.35188e-08  3.00000e-10
      1270.42  1.49063e-08  3.00000e-10
      1270.70  1.69797e-08  3.00000e-10
      1270.98  1.87429e-08  3.00000e-10
      1271.27  1.94335e-08  3.00000e-10
      1271.55  1.78002e-08  3.00000e-10
      1271.83  1.47913e-08  3.00000e-10
      1272.11  1.13455e-08  3.00000e-10
      1272.40  7.20745e-09  3.00000e-10
      1272.68  6.17739e-09  3.00000e-10
      1272.96  5.61634e-09  3.00000e-10
      1273.24  5.38723e-09  3.00000e-10
      1273.53  6.10924e-09  3.00000e-10
      1273.81  7.25500e-09  3.00000e-10
      1274.09  9.04627e-09  3.00000e-10
      1274.38  1.08825e-08  3.00000e-10
      1274.66  1.40206e-08  3.00000e-10
      1274.94  1.69823e-08  3.00000e-10
      1275.23  1.78266e-08  3.00000e-10
      1275.51  1.68432e-08  3.00000e-10
      1275.79  1.46971e-08  3.00000e-10
      1276.08  1.35209e-08  3.00000e-10
      1276.36  1.38110e-08  3.00000e-10
      1276.65  1.49103e-08  3.00000e-10
      1276.93  1.59935e-08  3.00000e-10
      1277.21  1.65427e-08  3.00000e-10
      1277.50  1.50763e-08  3.00000e-10
      1277.78  1.34516e-08  3.00000e-10
      1278.06  9.72188e-09  3.00000e-10
      1278.35  7.25978e-09  3.00000e-10
      1278.63  5.83560e-09  3.00000e-10
      1278.92  5.27519e-09  3.00000e-10
      1279.20  5.71102e-09  3.00000e-10
      1279.48  6.56362e-09  3.00000e-10
      1279.77  7.44121e-09  3.00000e-10
      1280.05  8.07971e-09  3.00000e-10
      1280.34  8.65945e-09  3.00000e-10
      1280.62  9.80981e-09  3.00000e-10
      1280.91  1.14594e-08  3.00000e-10
      1281.19  1.31044e-08  3.00000e-10
      1281.48  1.48454e-08  3.00000e-10
      1281.76  1.59462e-08  3.00000e-10
      1282.05  1.64977e-08  3.00000e-10
      1282.33  1.78154e-08  3.00000e-10
      1282.62  1.94759e-08  3.00000e-10
      1282.90  2.17717e-08  3.00000e-10
      1283.19  2.12351e-08  3.00000e-10
      1283.47  1.90170e-08  3.00000e-10
      1283.76  1.60000e-08  3.00000e-10
      1284.04  1.25669e-08  3.00000e-10
      1284.33  9.09783e-09  3.00000e-10
      1284.61  7.67050e-09  3.00000e-10
      1284.90  6.90377e-09  3.00000e-10
      1285.18  6.43129e-09  3.00000e-10
      1285.47  6.49370e-09  3.00000e-10
      1285.76  6.84711e-09  3.00000e-10
      1286.04  7.26717e-09  3.00000e-10
      1286.33  8.19932e-09  3.00000e-10
      1286.61  9.06920e-09  3.00000e-10
      1286.90  1.06780e-08  3.00000e-10
      1287.19  1.25063e-08  3.00000e-10
      1287.47  1.48456e-08  3.00000e-10
      1287.76  1.80652e-08  3.00000e-10
      1288.04  1.91632e-08  3.00000e-10
      1288.33  1.99962e-08  3.00000e-10
      1288.61  1.96123e-08  3.00000e-10
      1288.90  1.83963e-08  3.00000e-10
      1289.19  1.56912e-08  3.00000e-10
      1289.48  1.33726e-08  3.00000e-10
      1289.76  1.17212e-08  3.00000e-10
      1290.05  9.46939e-09  3.00000e-10
      1290.33  7.86674e-09  3.00000e-10
      1290.62  6.72016e-09  3.00000e-10
      1290.91  6.19763e-09  3.00000e-10
      1291.20  5.84977e-09  3.00000e-10
      1291.48  5.93142e-09  3.00000e-10
      1291.77  7.35437e-09  3.00000e-10
      1292.06  8.82401e-09  3.00000e-10
      1292.34  9.86757e-09  3.00000e-10
      1292.63  1.06542e-08  3.00000e-10
      1292.92  1.11856e-08  3.00000e-10
      1293.21  1.11523e-08  3.00000e-10
      1293.49  1.22884e-08  3.00000e-10
      1293.78  1.38407e-08  3.00000e-10
      1294.07  1.56728e-08  3.00000e-10
      1294.36  1.82091e-08  3.00000e-10
      1294.64  1.91161e-08  3.00000e-10
      1294.93  1.88499e-08  3.00000e-10
      1295.22  1.81186e-08  3.00000e-10
      1295.51  1.72356e-08  3.00000e-10
      1295.80  1.55762e-08  3.00000e-10
      1296.08  1.43371e-08  3.00000e-10
      1296.37  1.37646e-08  3.00000e-10
      1296.66  1.43443e-08  3.00000e-10
      1296.95  1.57446e-08  3.00000e-10
      1297.24  1.79295e-08  3.00000e-10
      1297.52  1.95882e-08  3.00000e-10
      1297.81  1.96692e-08  3.00000e-10
      1298.10  1.79828e-08  3.00000e-10
      1298.39  1.49174e-08  3.00000e-10
      1298.68  1.30919e-08  3.00000e-10
      1298.97  1.22229e-08  3.00000e-10
      1299.25  1.41655e-08  3.00000e-10
      1299.54  1.59748e-08  3.00000e-10
      1299.83  1.77025e-08  3.00000e-10
      1300.12  1.82806e-08  3.00000e-10
      1300.41  1.81295e-08  3.00000e-10
      1300.70  1.75021e-08  3.00000e-10
      1300.99  1.82673e-08  3.00000e-10
      1301.28  1.98351e-08  3.00000e-10
      1301.57  2.19765e-08  3.00000e-10
      1301.86  2.35886e-08  3.00000e-10
      1302.15  2.40023e-08  3.00000e-10
      1302.43  2.41673e-08  3.00000e-10
      1302.72  2.49300e-08  3.00000e-10
      1303.01  2.59377e-08  3.00000e-10
      1303.30  2.76442e-08  3.00000e-10
      1303.59  2.85286e-08  3.00000e-10
      1303.88  2.89851e-08  3.00000e-10
      1304.17  2.92600e-08  3.00000e-10
      1304.46  2.95174e-08  3.00000e-10
      1304.75  2.92099e-08  3.00000e-10
      1305.04  2.95662e-08  3.00000e-10
      1305.33  2.94165e-08  3.00000e-10
      1305.62  2.86795e-08  3.00000e-10
      1305.91  2.77648e-08  3.00000e-10
      1306.20  2.58727e-08  3.00000e-10
      1306.49  2.09406e-08  3.00000e-10
      1306.78  1.65639e-08  3.00000e-10
      1307.07  1.25722e-08  3.00000e-10
      1307.36  9.60117e-09  3.00000e-10
      1307.65  7.86081e-09  3.00000e-10
      1307.95  6.45796e-09  3.00000e-10
      1308.24  5.91792e-09  3.00000e-10
      1308.53  5.63785e-09  3.00000e-10
      1308.82  5.32109e-09  3.00000e-10
      1309.11  4.61800e-09  3.00000e-10
      1309.40  4.43095e-09  3.00000e-10
      1309.69  4.18299e-09  3.00000e-10
      1309.98  4.30874e-09  3.00000e-10
      1310.27  4.96047e-09  3.00000e-10
      1310.56  6.02309e-09  3.00000e-10
      1310.85  8.23506e-09  3.00000e-10
      1311.15  9.59037e-09  3.00000e-10
      1311.44  1.04609e-08  3.00000e-10
      1311.73  9.51137e-09  3.00000e-10
      1312.02  7.76408e-09  3.00000e-10
      1312.31  6.35435e-09  3.00000e-10
      1312.60  4.72065e-09  3.00000e-10
      1312.90  4.12695e-09  3.00000e-10
      1313.19  4.04134e-09  3.00000e-10
      1313.48  4.49116e-09  3.00000e-10
      1313.77  4.61153e-09  3.00000e-10
      1314.06  4.43398e-09  3.00000e-10
      1314.36  3.78765e-09  3.00000e-10
      1314.65  3.41003e-09  3.00000e-10
      1314.94  3.10023e-09  3.00000e-10
      1315.23  3.20671e-09  3.00000e-10
      1315.52  3.68721e-09  3.00000e-10
      1315.82  4.60127e-09  3.00000e-10
      1316.11  6.37727e-09  3.00000e-10
      1316.40  8.01092e-09  3.00000e-10
      1316.69  9.49341e-09  3.00000e-10
      1316.99  9.46073e-09  3.00000e-10
      1317.28  8.68465e-09  3.00000e-10
      1317.57  6.63674e-09  3.00000e-10
      1317.87  5.50735e-09  3.00000e-10
      1318.16  5.31553e-09  3.00000e-10
      1318.45  5.61155e-09  3.00000e-10
      1318.74  6.12574e-09  3.00000e-10
      1319.04  5.90461e-09  3.00000e-10
      1319.33  5.35149e-09  3.00000e-10
      1319.62  4.48312e-09  3.00000e-10
      1319.92  4.01141e-09  3.00000e-10
      1320.21  3.79952e-09  3.00000e-10
      1320.50  4.00725e-09  3.00000e-10
      1320.80  4.58221e-09  3.00000e-10
      1321.09  5.68594e-09  3.00000e-10
      1321.38  7.73828e-09  3.00000e-10
      1321.68  8.97557e-09  3.00000e-10
      1321.97  1.13907e-08  3.00000e-10
      1322.27  1.13947e-08  3.00000e-10
      1322.56  1.03093e-08  3.00000e-10
      1322.85  8.81316e-09  3.00000e-10
      1323.15  7.61042e-09  3.00000e-10
      1323.44  7.17003e-09  3.00000e-10
      1323.74  7.16096e-09  3.00000e-10
      1324.03  7.17276e-09  3.00000e-10
      1324.32  6.73310e-09  3.00000e-10
      1324.62  5.62295e-09  3.00000e-10
      1324.91  5.30641e-09  3.00000e-10
      1325.21  4.81798e-09  3.00000e-10
      1325.50  4.94269e-09  3.00000e-10
      1325.80  5.78167e-09  3.00000e-10
      1326.09  6.53586e-09  3.00000e-10
      1326.38  9.54588e-09  3.00000e-10
      1326.68  1.19271e-08  3.00000e-10
      1326.97  1.45604e-08  3.00000e-10
      1327.27  1.52806e-08  3.00000e-10
      1327.56  1.47278e-08  3.00000e-10
      1327.86  1.23529e-08  3.00000e-10
      1328.16  1.05712e-08  3.00000e-10
      1328.45  8.94494e-09  3.00000e-10
      1328.74  7.51551e-09  3.00000e-10
      1329.04  6.90436e-09  3.00000e-10
      1329.34  6.59900e-09  3.00000e-10
      1329.63  5.93743e-09  3.00000e-10
      1329.93  5.26311e-09  3.00000e-10
      1330.22  5.15471e-09  3.00000e-10
      1330.52  5.12722e-09  3.00000e-10
      1330.81  6.03462e-09  3.00000e-10
      1331.11  7.39490e-09  3.00000e-10
      1331.41  8.94016e-09  3.00000e-10
      1331.70  1.17000e-08  3.00000e-10
      1332.00  1.41636e-08  3.00000e-10
      1332.29  1.62633e-08  3.00000e-10
      1332.59  1.67480e-08  3.00000e-10
      1332.89  1.54241e-08  3.00000e-10
      1333.18  1.28893e-08  3.00000e-10
      1333.48  1.11104e-08  3.00000e-10
      1333.77  9.14797e-09  3.00000e-10
      1334.07  7.43455e-09  3.00000e-10
      1334.37  7.00132e-09  3.00000e-10
      1334.66  6.43722e-09  3.00000e-10
      1334.96  5.73513e-09  3.00000e-10
      1335.26  5.69529e-09  3.00000e-10
      1335.55  5.60768e-09  3.00000e-10
      1335.85  6.32002e-09  3.00000e-10
      1336.15  7.85530e-09  3.00000e-10
      1336.44  9.20555e-09  3.00000e-10
      1336.74  1.17687e-08  3.00000e-10
      1337.04  1.40834e-08  3.00000e-10
      1337.34  1.48815e-08  3.00000e-10
      1337.63  1.48139e-08  3.00000e-10
      1337.93  1.34655e-08  3.00000e-10
      1338.23  1.17761e-08  3.00000e-10
      1338.53  9.48908e-09  3.00000e-10
      1338.82  7.89040e-09  3.00000e-10
      1339.12  6.45294e-09  3.00000e-10
      1339.42  5.85734e-09  3.00000e-10
      1339.72  5.75154e-09  3.00000e-10
      