227
      1249.95  7.31373e-09  1.57827e-11
      1250.27  3.22062e-09  1.19029e-11
      1250.58  8.51461e-10  8.98190e-12
      1250.89  5.40619e-10  8.19208e-12
      1251.20  8.23113e-10  8.14957e-12
      1251.52  1.50955e-09  8.47522e-12
      1251.83  2.90750e-09  1.00404e-11
      1252.14  3.79871e-09  1.07945e-11
      1252.46  3.55412e-09  1.07434e-11
      1252.77  3.33233e-09  1.05887e-11
      1253.09  6.06109e-09  1.34570e-11
      1253.40  1.19794e-08  1.81251e-11
      1253.71  1.45862e-08  1.96506e-11
      1254.03  8.53931e-09  1.43374e-11
      1254.34  3.89314e-09  9.60716e-12
      1254.66  5.19493e-09  1.02352e-11
      1254.97  8.24600e-09  1.29060e-11
      1255.29  5.13010e-09  1.02361e-11
      1255.60  2.10089e-09  7.80838e-12
      1255.92  2.44943e-09  8.54035e-12
      1256.23  4.69200e-09  1.03386e-11
      1256.55  7.96148e-09  1.33412e-11
      1256.87  5.14312e-09  1.02779e-11
      1257.18  2.04162e-09  7.11671e-12
      1257.50  1.45599e-09  6.45487e-12
      1257.81  1.73093e-09  6.80001e-12
      1258.13  2.25776e-09  7.62943e-12
      1258.45  2.23802e-09  7.80887e-12
      1258.76  2.42073e-09  8.32338e-12
      1259.08  4.90719e-09  1.06212e-11
      1259.40  1.06395e-08  1.51008e-11
      1259.72  1.42072e-08  1.72320e-11
      1260.03  1.02901e-08  1.39442e-11
      1260.35  7.57822e-09  1.17758e-11
      1260.67  9.85366e-09  1.39414e-11
      1260.99  8.77738e-09  1.34787e-11
      1261.30  7.04713e-09  1.25323e-11
      1261.62  9.13704e-09  1.51762e-11
      1261.94  9.39656e-09  1.54805e-11
      1262.26  9.77520e-09  1.67359e-11
      1262.58  6.66124e-09  1.26678e-11
      1262.90  7.36589e-09  1.24212e-11
      1263.22  1.19811e-08  1.60833e-11
      1263.54  9.37990e-09  1.34894e-11
      1263.86  5.54085e-09  1.07020e-11
      1264.17  4.22807e-09  1.01222e-11
      1264.49  2.98712e-09  9.00225e-12
      1264.81  3.48981e-09  9.58350e-12
      1265.13  7.56987e-09  1.28805e-11
      1265.45  1.17470e-08  1.52727e-11
      1265.77  1.01478e-08  1.34079e-11
      1266.10  5.12495e-09  9.14257e-12
      1266.42  2.38772e-09  6.69493e-12
      1266.74  1.99802e-09  6.45878e-12
      1267.06  2.94230e-09  7.28984e-12
      1267.38  7.13548e-09  1.06451e-11
      1267.70  1.36850e-08  1.50451e-11
      1268.02  1.41165e-08  1.44189e-11
      1268.34  1.40507e-08  1.43812e-11
      1268.67  1.23492e-08  1.26394e-11
      1268.99  1.24592e-08  1.28107e-11
      1269.31  9.13781e-09  1.08628e-11
      1269.63  5.66069e-09  9.00902e-12
      1269.95  4.70004e-09  9.04400e-12
      1270.28  6.17992e-09  1.05580e-11
      1270.60  1.07898e-08  1.45234e-11
      1270.92  1.29450e-08  1.56482e-11
      1271.25  1.41020e-08  1.64254e-11
      1271.57  1.34832e-08  1.58869e-11
      1271.89  7.66008e-09  1.16719e-11
      1272.22  3.09381e-09  7.92899e-12
      1272.54  1.75479e-09  6.80685e-12
      1272.86  1.37356e-09  6.63444e-12
      1273.19  1.28827e-09  6.98917e-12
      1273.51  1.70831e-09  7.79799e-12
      1273.84  2.88190e-09  9.17921e-12
      1274.16  3.86955e-09  9.77109e-12
      1274.49  5.32037e-09  9.88424e-12
      1274.81  1.01595e-08  1.28134e-11
      1275.14  1.40765e-08  1.45917e-11
      1275.46  1.22933e-08  1.35170e-11
      1275.79  7.67646e-09  1.08055e-11
      1276.11  4.85780e-09  9.07920e-12
      1276.44  6.89554e-09  1.05670e-11
      1276.76  1.21118e-08  1.40077e-11
      1277.09  1.23321e-08  1.34870e-11
      1277.42  1.19388e-08  1.33504e-11
      1277.74  7.83448e-09  1.07576e-11
      1278.07  3.50179e-09  6.89832e-12
      1278.40  1.94322e-09  5.97133e-12
      1278.72  1.45898e-09  6.03952e-12
      1279.05  1.46590e-09  6.40772e-12
      1279.38  2.11614e-09  7.56780e-12
      1279.71  3.40180e-09  9.12526e-12
      1280.03  4.48681e-09  1.01568e-11
      1280.36  4.00389e-09  9.05044e-12
      1280.69  4.33086e-09  9.18467e-12
      1281.02  5.87838e-09  1.03404e-11
      1281.34  9.03026e-09  1.29009e-11
      1281.67  1.09945e-08  1.49953e-11
      1282.00  8.10223e-09  1.29526e-11
      1282.33  8.56548e-09  1.35350e-11
      1282.66  1.38545e-08  1.71261e-11
      1282.99  1.75521e-08  2.08662e-11
      1283.32  1.71646e-08  1.89630e-11
      1283.65  9.08876e-09  1.44932e-11
      1283.98  5.59682e-09  9.46236e-12
      1284.31  3.13280e-09  7.36180e-12
      1284.64  2.29300e-09  6.78932e-12
      1284.97  2.31339e-09  6.93394e-12
      1285.30  2.76079e-09  7.58256e-12
      1285.63  2.31209e-09  6.92308e-12
      1285.96  2.20389e-09  6.59560e-12
      1286.29  3.62288e-09  7.56787e-12
      1286.62  5.09008e-09  8.61997e-12
      1286.95  4.72469e-09  8.14846e-12
      1287.28  6.36347e-09  9.71010e-12
      1287.61  1.13513e-08  1.38531e-11
      1287.95  1.34139e-08  1.57250e-11
      1288.28  1.32989e-08  1.60689e-11
      1288.61  1.32919e-08  1.61618e-11
      1288.94  1.31019e-08  1.63284e-11
      1289.27  8.88106e-09  1.26337e-11
      1289.61  6.51223e-09  1.10522e-11
      1289.94  4.97496e-09  9.89267e-12
      1290.27  3.22271e-09  8.22100e-12
      1290.61  2.77683e-09  8.35680e-12
      1290.94  2.00299e-09  7.53732e-12
      1291.27  1.42100e-09  6.81879e-12
      1291.61  1.75819e-09  6.89674e-12
      1291.94  3.11877e-09  7.65942e-12
      1292.27  5.69582e-09  8.94200e-12
      1292.61  8.26065e-09  1.04419e-11
      1292.94  5.84237e-09  8.60232e-12
      1293.28  4.36368e-09  8.29316e-12
      1293.61  5.92921e-09  1.00907e-11
      1293.95  7.95788e-09  1.10468e-11
      1294.28  1.21181e-08  1.38395e-11
      1294.62  1.34060e-08  1.45670e-11
      1294.95  1.11624e-08  1.29402e-11
      1295.29  1.06333e-08  1.28755e-11
      1295.62  8.86974e-09  1.20569e-11
      1295.96  6.36395e-09  1.06443e-11
      1296.29  5.49334e-09  1.05929e-11
      1296.63  5.76681e-09  1.11758e-11
      1296.97  7.41346e-09  1.25433e-11
      1297.30  1.20590e-08  1.54811e-11
      1297.64  1.61699e-08  1.73443e-11
      1297.98  1.31119e-08  1.46235e-11
      1298.31  7.92707e-09  1.11116e-11
      1298.65  4.18150e-09  8.14679e-12
      1298.99  3.20211e-09  7.25635e-12
      1299.33  6.15905e-09  9.50915e-12
      1299.66  1.16447e-08  1.31257e-11
      1300.00  1.28223e-08  1.34254e-11
      1300.34  1.09012e-08  1.21878e-11
      1300.68  7.17320e-09  9.42599e-12
      1301.02  7.77880e-09  9.63075e-12
      1301.35  1.41868e-08  1.37748e-11
      1301.69  1.67598e-08  1.51802e-11
      1302.03  1.60459e-08  1.57084e-11
      1302.37  1.42772e-08  1.54277e-11
      1302.71  1.66720e-08  1.77467e-11
      1303.05  1.84351e-08  1.84668e-11
      1303.39  2.11194e-08  1.95770e-11
      1303.73  2.26470e-08  1.95456e-11
      1304.07  2.09171e-08  1.80790e-11
      1304.41  2.13209e-08  1.82471e-11
      1304.75  2.26535e-08  1.87723e-11
      1305.09  2.39345e-08  1.92378e-11
      1305.43  2.86768e-08  2.09670e-11
      1305.77  3.43454e-08  2.23557e-11
      1306.11  3.39175e-08  2.14271e-11
      1306.46  2.20013e-08  1.61230e-11
      1306.80  1.00653e-08  1.05589e-11
      1307.14  4.93594e-09  7.95836e-12
      1307.48  3.21441e-09  7.03759e-12
      1307.82  2.49594e-09  6.83540e-12
      1308.16  2.56156e-09  7.34660e-12
      1308.51  3.13681e-09  8.50247e-12
      1308.85  2.41893e-09  7.69116e-12
      1309.19  1.65489e-09  7.00203e-12
      1309.53  1.49851e-09  6.61480e-12
      1309.88  1.47373e-09  6.57973e-12
      1310.22  1.63370e-09  6.70707e-12
      1310.56  2.27559e-09  7.41786e-12
      1310.91  4.57512e-09  9.55378e-12
      1311.25  8.78192e-09  1.34643e-11
      1311.60  8.59472e-09  1.26690e-11
      1311.94  4.75921e-09  9.07658e-12
      1312.28  2.28808e-09  6.47418e-12
      1312.63  1.46449e-09  5.33321e-12
      1312.97  1.25019e-09  4.93528e-12
      1313.32  1.87455e-09  5.75574e-12
      1313.66  3.15400e-09  7.46922e-12
      1314.01  2.55526e-09  7.16797e-12
      1314.35  1.33994e-09  6.12592e-12
      1314.70  9.70998e-10  5.97333e-12
      1315.05  9.65689e-10  5.78372e-12
      1315.39  1.13978e-09  5.84672e-12
      1315.74  1.55161e-09  6.29327e-12
      1316.08  2.62535e-09  7.55267e-12
      1316.43  5.86212e-09  1.07813e-11
      1316.78  9.75036e-09  1.42785e-11
      1317.12  7.44277e-09  1.22972e-11
      1317.47  3.33974e-09  8.41099e-12
      1317.82  1.81639e-09  6.57903e-12
      1318.17  1.95516e-09  6.21697e-12
      1318.51  3.47954e-09  7.13722e-12
      1318.86  4.24819e-09  7.81912e-12
      1319.21  2.67930e-09  6.53263e-12
      1319.56  1.48224e-09  5.68917e-12
      1319.91  1.52686e-09  6.31806e-12
      1320.25  1.52579e-09  6.59082e-12
      1320.60  1.52633e-09  6.60177e-12
      1320.95  1.93604e-09  7.02028e-12
      1321.30  2.94765e-09  7.80153e-12
      1321.65  6.68086e-09  1.06978e-11
      1322.00  1.28786e-08  1.56070e-11
      1322.35  1.03929e-08  1.39169e-11
      1322.70  4.93168e-09  1.01417e-11
      1323.05  2.95333e-09  8.31262e-12
      1323.40  3.34828e-09  8.63308e-12
      1323.75  4.06957e-09  8.66767e-12
      1324.10  4.22128e-09  8.09350e-12
      1324.45  2.91595e-09  6.54533e-12
      1324.80  1.99170e-09  5.80889e-12
      