<<<<<<< HEAD
1611.00
2100.00 0.6000
2099.00 0.5998
2098.00 0.5996
2097.00 0.5993
2096.00 0.5991
2095.00 0.5989
2094.00 0.5987
2093.00 0.5985
2092.00 0.5983
2091.00 0.5980
2090.00 0.5978
2089.00 0.5976
2088.00 0.5974
2087.00 0.5972
2086.00 0.5970
2085.00 0.5967
2084.00 0.5965
2083.00 0.5963
2082.00 0.5961
2081.00 0.5959
2080.00 0.5957
2079.00 0.5954
2078.00 0.5952
2077.00 0.5950
2076.00 0.5948
2075.00 0.5946
2074.00 0.5943
2073.00 0.5941
2072.00 0.5939
2071.00 0.5937
2070.00 0.5935
2069.00 0.5933
2068.00 0.5930
2067.00 0.5928
2066.00 0.5926
2065.00 0.5924
2064.00 0.5922
2063.00 0.5920
2062.00 0.5917
2061.00 0.5915
2060.00 0.5913
2059.00 0.5911
2058.00 0.5909
2057.00 0.5907
2056.00 0.5904
2055.00 0.5902
2054.00 0.5900
2053.00 0.5898
2052.00 0.5896
2051.00 0.5893
2050.00 0.5891
2049.00 0.5889
2048.00 0.5887
2047.00 0.5885
2046.00 0.5883
2045.00 0.5880
2044.00 0.5878
2043.00 0.5876
2042.00 0.5874
2041.00 0.5872
2040.00 0.5870
2039.00 0.5867
2038.00 0.5865
2037.00 0.5863
2036.00 0.5861
2035.00 0.5859
2034.00 0.5857
2033.00 0.5854
2032.00 0.5852
2031.00 0.5850
2030.00 0.5848
2029.00 0.5846
2028.00 0.5843
2027.00 0.5841
2026.00 0.5839
2025.00 0.5837
2024.00 0.5835
2023.00 0.5833
2022.00 0.5830
2021.00 0.5828
2020.00 0.5826
2019.00 0.5824
2018.00 0.5822
2017.00 0.5820
2016.00 0.5817
2015.00 0.5815
2014.00 0.5813
2013.00 0.5811
2012.00 0.5809
2011.00 0.5807
2010.00 0.5804
2009.00 0.5802
2008.00 0.5800
2007.00 0.5798
2006.00 0.5796
2005.00 0.5793
2004.00 0.5791
2003.00 0.5789
2002.00 0.5787
2001.00 0.5785
2000.00 0.5783
1999.00 0.5780
1998.00 0.5778
1997.00 0.5776
1996.00 0.5774
1995.00 0.5772
1994.00 0.5770
1993.00 0.5767
1992.00 0.5765
1991.00 0.5763
1990.00 0.5761
1989.00 0.5759
1988.00 0.5757
1987.00 0.5754
1986.00 0.5752
1985.00 0.5750
1984.00 0.5748
1983.00 0.5746
1982.00 0.5743
1981.00 0.5741
1980.00 0.5739
1979.00 0.5737
1978.00 0.5735
1977.00 0.5733
1976.00 0.5730
1975.00 0.5728
1974.00 0.5726
1973.00 0.5724
1972.00 0.5722
1971.00 0.5720
1970.00 0.5717
1969.00 0.5715
1968.00 0.5713
1967.00 0.5711
1966.00 0.5709
1965.00 0.5707
1964.00 0.5704
1963.00 0.5702
1962.00 0.5700
1961.00 0.5698
1960.00 0.5696
1959.00 0.5693
1958.00 0.5691
1957.00 0.5689
1956.00 0.5687
1955.00 0.5685
1954.00 0.5683
1953.00 0.5680
1952.00 0.5678
1951.00 0.5676
1950.00 0.5674
1949.00 0.5672
1948.00 0.5670
1947.00 0.5667
1946.00 0.5665
1945.00 0.5663
1944.00 0.5661
1943.00 0.5659
1942.00 0.5657
1941.00 0.5654
1940.00 0.5652
1939.00 0.5650
1938.00 0.5648
1937.00 0.5646
1936.00 0.5643
1935.00 0.5641
1934.00 0.5639
1933.00 0.5637
1932.00 0.5635
1931.00 0.5633
1930.00 0.5630
1929.00 0.5628
1928.00 0.5626
1927.00 0.5624
1926.00 0.5622
1925.00 0.5620
1924.00 0.5617
1923.00 0.5615
1922.00 0.5613
1921.00 0.5611
1920.00 0.5609
1919.00 0.5607
1918.00 0.5604
1917.00 0.5602
1916.00 0.5600
1915.00 0.5598
1914.00 0.5596
1913.00 0.5593
1912.00 0.5591
1911.00 0.5589
1910.00 0.5587
1909.00 0.5585
1908.00 0.5583
1907.00 0.5580
1906.00 0.5578
1905.00 0.5576
1904.00 0.5574
1903.00 0.5572
1902.00 0.5570
1901.00 0.5567
1900.00 0.5565
1899.00 0.5563
1898.00 0.5561
1897.00 0.5559
1896.00 0.5557
1895.00 0.5554
1894.00 0.5552
1893.00 0.5550
1892.00 0.5548
1891.00 0.5546
1890.00 0.5543
1889.00 0.5541
1888.00 0.5539
1887.00 0.5537
1886.00 0.5535
1885.00 0.5533
1884.00 0.5530
1883.00 0.5528
1882.00 0.5526
1881.00 0.5524
1880.00 0.5522
1879.00 0.5520
1878.00 0.5517
1877.00 0.5515
1876.00 0.5513
1875.00 0.5511
1874.00 0.5509
1873.00 0.5507
1872.00 0.5504
1871.00 0.5502
1870.00 0.5500
1869.00 0.5498
1868.00 0.5496
1867.00 0.5493
1866.00 0.5491
1865.00 0.5489
1864.00 0.5487
1863.00 0.5485
1862.00 0.5483
1861.00 0.5480
1860.00 0.5478
1859.00 0.5476
1858.00 0.5474
1857.00 0.5472
1856.00 0.5470
1855.00 0.5467
1854.00 0.5465
1853.00 0.5463
1852.00 0.5461
1851.00 0.5459
1850.00 0.5457
1849.00 0.5454
1848.00 0.5452
1847.00 0.5450
1846.00 0.5448
1845.00 0.5446
1844.00 0.5443
1843.00 0.5441
1842.00 0.5439
1841.00 0.5437
1840.00 0.5435
1839.00 0.5433
1838.00 0.5430
1837.00 0.5428
1836.00 0.5426
1835.00 0.5424
1834.00 0.5422
1833.00 0.5420
1832.00 0.5417
1831.00 0.5415
1830.00 0.5413
1829.00 0.5411
1828.00 0.5409
1827.00 0.5407
1826.00 0.5404
1825.00 0.5402
1824.00 0.5400
1823.00 0.5398
1822.00 0.5396
1821.00 0.5393
1820.00 0.5391
1819.00 0.5389
1818.00 0.5387
1817.00 0.5385
1816.00 0.5383
1815.00 0.5380
1814.00 0.5378
1813.00 0.5376
1812.00 0.5374
1811.00 0.5372
1810.00 0.5370
1809.00 0.5367
1808.00 0.5365
1807.00 0.5363
1806.00 0.5361
1805.00 0.5359
1804.00 0.5357
1803.00 0.5354
1802.00 0.5352
1801.00 0.5350
1800.00 0.5348
1799.00 0.5346
1798.00 0.5343
1797.00 0.5341
1796.00 0.5339
1795.00 0.5337
1794.00 0.5335
1793.00 0.5333
1792.00 0.5330
1791.00 0.5328
1790.00 0.5326
1789.00 0.5324
1788.00 0.5322
1787.00 0.5320
1786.00 0.5317
1785.00 0.5315
1784.00 0.5313
1783.00 0.5311
1782.00 0.5309
1781.00 0.5307
1780.00 0.5304
1779.00 0.5302
1778.00 0.5300
1777.00 0.5298
1776.00 0.5296
1775.00 0.5293
1774.00 0.5291
1773.00 0.5289
1772.00 0.5287
1771.00 0.5285
1770.00 0.5283
1769.00 0.5280
1768.00 0.5278
1767.00 0.5276
1766.00 0.5274
1765.00 0.5272
1764.00 0.5270
1763.00 0.5267
1762.00 0.5265
1761.00 0.5263
1760.00 0.5261
1759.00 0.5259
1758.00 0.5257
1757.00 0.5254
1756.00 0.5252
1755.00 0.5250
1754.00 0.5248
1753.00 0.5246
1752.00 0.5243
1751.00 0.5241
1750.00 0.5239
1749.00 0.5237
1748.00 0.5235
1747.00 0.5233
1746.00 0.5230
1745.00 0.5228
1744.00 0.5226
1743.00 0.5224
1742.00 0.5222
1741.00 0.5220
1740.00 0.5217
1739.00 0.5215
1738.00 0.5213
1737.00 0.5211
1736.00 0.5209
1735.00 0.5207
1734.00 0.5204
1733.00 0.5202
1732.00 0.5200
1731.00 0.5198
1730.00 0.5196
1729.00 0.5193
1728.00 0.5191
1727.00 0.5189
1726.00 0.5187
1725.00 0.5185
1724.00 0.5183
1723.00 0.5180
1722.00 0.5178
1721.00 0.5176
1720.00 0.5174
1719.00 0.5172
1718.00 0.5170
1717.00 0.5167
1716.00 0.5165
1715.00 0.5163
1714.00 0.5161
1713.00 0.5159
1712.00 0.5157
1711.00 0.5154
1710.00 0.5152
1709.00 0.5150
1708.00 0.5148
1707.00 0.5146
1706.00 0.5143
1705.00 0.5141
1704.00 0.5139
1703.00 0.5137
1702.00 0.5135
1701.00 0.5133
1700.00 0.5130
1699.00 0.5128
1698.00 0.5126
1697.00 0.5124
1696.00 0.5122
1695.00 0.5120
1694.00 0.5117
1693.00 0.5115
1692.00 0.5113
1691.00 0.5111
1690.00 0.5109
1689.00 0.5107
1688.00 0.5104
1687.00 0.5102
1686.00 0.5100
1685.00 0.5098
1684.00 0.5096
1683.00 0.5093
1682.00 0.5091
1681.00 0.5089
1680.00 0.5087
1679.00 0.5085
1678.00 0.5083
1677.00 0.5080
1676.00 0.5078
1675.00 0.5076
1674.00 0.5074
1673.00 0.5072
1672.00 0.5070
1671.00 0.5067
1670.00 0.5065
1669.00 0.5063
1668.00 0.5061
1667.00 0.5059
1666.00 0.5057
1665.00 0.5054
1664.00 0.5052
1663.00 0.5050
1662.00 0.5048
1661.00 0.5046
1660.00 0.5043
1659.00 0.5041
1658.00 0.5039
1657.00 0.5037
1656.00 0.5035
1655.00 0.5033
1654.00 0.5030
1653.00 0.5028
1652.00 0.5026
1651.00 0.5024
1650.00 0.5022
1649.00 0.5020
1648.00 0.5017
1647.00 0.5015
1646.00 0.5013
1645.00 0.5011
1644.00 0.5009
1643.00 0.5007
1642.00 0.5004
1641.00 0.5002
1640.00 0.5000
1639.00 0.4998
1638.00 0.4996
1637.00 0.4993
1636.00 0.4991
1635.00 0.4989
1634.00 0.4987
1633.00 0.4985
1632.00 0.4983
1631.00 0.4980
1630.00 0.4978
1629.00 0.4976
1628.00 0.4974
1627.00 0.4972
1626.00 0.4970
1625.00 0.4967
1624.00 0.4965
1623.00 0.4963
1622.00 0.4961
1621.00 0.4959
1620.00 0.4957
1619.00 0.4954
1618.00 0.4952
1617.00 0.4950
1616.00 0.4948
1615.00 0.4946
1614.00 0.4943
1613.00 0.4941
1612.00 0.4939
1611.00 0.4937
1610.00 0.4935
1609.00 0.4933
1608.00 0.4930
1607.00 0.4928
1606.00 0.4926
1605.00 0.4924
1604.00 0.4922
1603.00 0.4920
1602.00 0.4917
1601.00 0.4915
1600.00 0.4913
1599.00 0.4911
1598.00 0.4909
1597.00 0.4907
1596.00 0.4904
1595.00 0.4902
1594.00 0.4900
1593.00 0.4898
1592.00 0.4896
1591.00 0.4893
1590.00 0.4891
1589.00 0.4889
1588.00 0.4887
1587.00 0.4885
1586.00 0.4883
1585.00 0.4880
1584.00 0.4878
1583.00 0.4876
1582.00 0.4874
1581.00 0.4872
1580.00 0.4870
1579.00 0.4867
1578.00 0.4865
1577.00 0.4863
1576.00 0.4861
1575.00 0.4859
1574.00 0.4857
1573.00 0.4854
1572.00 0.4852
1571.00 0.4850
1570.00 0.4848
1569.00 0.4846
1568.00 0.4843
1567.00 0.4841
1566.00 0.4839
1565.00 0.4837
1564.00 0.4835
1563.00 0.4833
1562.00 0.4830
1561.00 0.4828
1560.00 0.4826
1559.00 0.4824
1558.00 0.4822
1557.00 0.4820
1556.00 0.4817
1555.00 0.4815
1554.00 0.4813
1553.00 0.4811
1552.00 0.4809
1551.00 0.4807
1550.00 0.4804
1549.00 0.4802
1548.00 0.4800
1547.00 0.4798
1546.00 0.4796
1545.00 0.4793
1544.00 0.4791
1543.00 0.4789
1542.00 0.4787
1541.00 0.4785
1540.00 0.4783
1539.00 0.4780
1538.00 0.4778
1537.00 0.4776
1536.00 0.4774
1535.00 0.4772
1534.00 0.4770
1533.00 0.4767
1532.00 0.4765
1531.00 0.4763
1530.00 0.4761
1529.00 0.4759
1528.00 0.4757
1527.00 0.4754
1526.00 0.4752
1525.00 0.4750
1524.00 0.4748
1523.00 0.4746
1522.00 0.4743
1521.00 0.4741
1520.00 0.4739
1519.00 0.4737
1518.00 0.4735
1517.00 0.4733
1516.00 0.4730
1515.00 0.4728
1514.00 0.4726
1513.00 0.4724
1512.00 0.4722
1511.00 0.4720
1510.00 0.4717
1509.00 0.4715
1508.00 0.4713
1507.00 0.4711
1506.00 0.4709
1505.00 0.4707
1504.00 0.4704
1503.00 0.4702
1502.00 0.4700
1501.00 0.4698
1500.00 0.4696
1499.00 0.4693
1498.00 0.4691
1497.00 0.4689
1496.00 0.4687
1495.00 0.4685
1494.00 0.4683
1493.00 0.4680
1492.00 0.4678
1491.00 0.4676
1490.00 0.4674
1489.00 0.4672
1488.00 0.4670
1487.00 0.4667
1486.00 0.4665
1485.00 0.4663
1484.00 0.4661
1483.00 0.4659
1482.00 0.4657
1481.00 0.4654
1480.00 0.4652
1479.00 0.4650
1478.00 0.4648
1477.00 0.4646
1476.00 0.4643
1475.00 0.4641
1474.00 0.4639
1473.00 0.4637
1472.00 0.4635
1471.00 0.4633
1470.00 0.4630
1469.00 0.4628
1468.00 0.4626
1467.00 0.4624
1466.00 0.4622
1465.00 0.4620
1464.00 0.4617
1463.00 0.4615
1462.00 0.4613
1461.00 0.4611
1460.00 0.4609
1459.00 0.4607
1458.00 0.4604
1457.00 0.4602
1456.00 0.4600
1455.00 0.4598
1454.00 0.4596
1453.00 0.4593
1452.00 0.4591
1451.00 0.4589
1450.00 0.4587
1449.00 0.4585
1448.00 0.4583
1447.00 0.4580
1446.00 0.4578
1445.00 0.4576
1444.00 0.4574
1443.00 0.4572
1442.00 0.4570
1441.00 0.4567
1440.00 0.4565
1439.00 0.4563
1438.00 0.4561
1437.00 0.4559
1436.00 0.4557
1435.00 0.4554
1434.00 0.4552
1433.00 0.4550
1432.00 0.4548
1431.00 0.4546
1430.00 0.4543
1429.00 0.4541
1428.00 0.4539
1427.00 0.4537
1426.00 0.4535
1425.00 0.4533
1424.00 0.4530
1423.00 0.4528
1422.00 0.4526
1421.00 0.4524
1420.00 0.4522
1419.00 0.4520
1418.00 0.4517
1417.00 0.4515
1416.00 0.4513
1415.00 0.4511
1414.00 0.4509
1413.00 0.4507
1412.00 0.4504
1411.00 0.4502
1410.00 0.4500
1409.00 0.4498
1408.00 0.4496
1407.00 0.4493
1406.00 0.4491
1405.00 0.4489
1404.00 0.4487
1403.00 0.4485
1402.00 0.4483
1401.00 0.4480
1400.00 0.4478
1399.00 0.4476
1398.00 0.4474
1397.00 0.4472
1396.00 0.4470
1395.00 0.4467
1394.00 0.4465
1393.00 0.4463
1392.00 0.4461
1391.00 0.4459
1390.00 0.4457
1389.00 0.4454
1388.00 0.4452
1387.00 0.4450
1386.00 0.4448
1385.00 0.4446
1384.00 0.4443
1383.00 0.4441
1382.00 0.4439
1381.00 0.4437
1380.00 0.4435
1379.00 0.4433
1378.00 0.4430
1377.00 0.4428
1376.00 0.4426
1375.00 0.4424
1374.00 0.4422
1373.00 0.4420
1372.00 0.4417
1371.00 0.4415
1370.00 0.4413
1369.00 0.4411
1368.00 0.4409
1367.00 0.4407
1366.00 0.4404
1365.00 0.4402
1364.00 0.4400
1363.00 0.4398
1362.00 0.4396
1361.00 0.4393
1360.00 0.4391
1359.00 0.4389
1358.00 0.4387
1357.00 0.4385
1356.00 0.4383
1355.00 0.4380
1354.00 0.4378
1353.00 0.4376
1352.00 0.4374
1351.00 0.4372
1350.00 0.4370
1349.00 0.4367
1348.00 0.4365
1347.00 0.4363
1346.00 0.4361
1345.00 0.4359
1344.00 0.4357
1343.00 0.4354
1342.00 0.4352
1341.00 0.4350
1340.00 0.4348
1339.00 0.4346
1338.00 0.4343
1337.00 0.4341
1336.00 0.4339
1335.00 0.4337
1334.00 0.4335
1333.00 0.4333
1332.00 0.4330
1331.00 0.4328
1330.00 0.4326
1329.00 0.4324
1328.00 0.4322
1327.00 0.4320
1326.00 0.4317
1325.00 0.4315
1324.00 0.4313
1323.00 0.4311
1322.00 0.4309
1321.00 0.4307
1320.00 0.4304
1319.00 0.4302
1318.00 0.4300
1317.00 0.4298
1316.00 0.4296
1315.00 0.4293
1314.00 0.4291
1313.00 0.4289
1312.00 0.4287
1311.00 0.4285
1310.00 0.4283
1309.00 0.4280
1308.00 0.4278
1307.00 0.4276
1306.00 0.4274
1305.00 0.4272
1304.00 0.4270
1303.00 0.4267
1302.00 0.4265
1301.00 0.4263
1300.00 0.4261
1299.00 0.4259
1298.00 0.4257
1297.00 0.4254
1296.00 0.4252
1295.00 0.4250
1294.00 0.4248
1293.00 0.4246
1292.00 0.4243
1291.00 0.4241
1290.00 0.4239
1289.00 0.4237
1288.00 0.4235
1287.00 0.4233
1286.00 0.4230
1285.00 0.4228
1284.00 0.4226
1283.00 0.4224
1282.00 0.4222
1281.00 0.4220
1280.00 0.4217
1279.00 0.4215
1278.00 0.4213
1277.00 0.4211
1276.00 0.4209
1275.00 0.4207
1274.00 0.4204
1273.00 0.4202
1272.00 0.4200
1271.00 0.4198
1270.00 0.4196
1269.00 0.4193
1268.00 0.4191
1267.00 0.4189
1266.00 0.4187
1265.00 0.4185
1264.00 0.4183
1263.00 0.4180
1262.00 0.4178
1261.00 0.4176
1260.00 0.4174
1259.00 0.4172
1258.00 0.4170
1257.00 0.4167
1256.00 0.4165
1255.00 0.4163
1254.00 0.4161
1253.00 0.4159
1252.00 0.4157
1251.00 0.4154
1250.00 0.4152
1249.00 0.4150
1248.00 0.4148
1247.00 0.4146
1246.00 0.4143
1245.00 0.4141
1244.00 0.4139
1243.00 0.4137
1242.00 0.4135
1241.00 0.4133
1240.00 0.4130
1239.00 0.4128
1238.00 0.4126
1237.00 0.4124
1236.00 0.4122
1235.00 0.4120
1234.00 0.4117
1233.00 0.4115
1232.00 0.4113
1231.00 0.4111
1230.00 0.4109
1229.00 0.4107
1228.00 0.4104
1227.00 0.4102
1226.00 0.4100
1225.00 0.4098
1224.00 0.4096
1223.00 0.4093
1222.00 0.4091
1221.00 0.4089
1220.00 0.4087
1219.00 0.4085
1218.00 0.4083
1217.00 0.4080
1216.00 0.4078
1215.00 0.4076
1214.00 0.4074
1213.00 0.4072
1212.00 0.4070
1211.00 0.4067
1210.00 0.4065
1209.00 0.4063
1208.00 0.4061
1207.00 0.4059
1206.00 0.4057
1205.00 0.4054
1204.00 0.4052
1203.00 0.4050
1202.00 0.4048
1201.00 0.4046
1200.00 0.4043
1199.00 0.4041
1198.00 0.4039
1197.00 0.4037
1196.00 0.4035
1195.00 0.4033
1194.00 0.4030
1193.00 0.4028
1192.00 0.4026
1191.00 0.4024
1190.00 0.4022
1189.00 0.4020
1188.00 0.4017
1187.00 0.4015
1186.00 0.4013
1185.00 0.4011
1184.00 0.4009
1183.00 0.4007
1182.00 0.4004
1181.00 0.4002
1180.00 0.4000
1179.00 0.3998
1178.00 0.3996
1177.00 0.3993
1176.00 0.3991
1175.00 0.3989
1174.00 0.3987
1173.00 0.3985
1172.00 0.3983
1171.00 0.3980
1170.00 0.3978
1169.00 0.3976
1168.00 0.3974
1167.00 0.3972
1166.00 0.3970
1165.00 0.3967
1164.00 0.3965
1163.00 0.3963
1162.00 0.3961
1161.00 0.3959
1160.00 0.3957
1159.00 0.3954
1158.00 0.3952
1157.00 0.3950
1156.00 0.3948
1155.00 0.3946
1154.00 0.3943
1153.00 0.3941
1152.00 0.3939
1151.00 0.3937
1150.00 0.3935
1149.00 0.3933
1148.00 0.3930
1147.00 0.3928
1146.00 0.3926
1145.00 0.3924
1144.00 0.3922
1143.00 0.3920
1142.00 0.3917
1141.00 0.3915
1140.00 0.3913
1139.00 0.3911
1138.00 0.3909
1137.00 0.3907
1136.00 0.3904
1135.00 0.3902
1134.00 0.3900
1133.00 0.3898
1132.00 0.3896
1131.00 0.3893
1130.00 0.3891
1129.00 0.3889
1128.00 0.3887
1127.00 0.3885
1126.00 0.3883
1125.00 0.3880
1124.00 0.3878
1123.00 0.3876
1122.00 0.3874
1121.00 0.3872
1120.00 0.3870
1119.00 0.3867
1118.00 0.3865
1117.00 0.3863
1116.00 0.3861
1115.00 0.3859
1114.00 0.3857
1113.00 0.3854
1112.00 0.3852
1111.00 0.3850
1110.00 0.3848
1109.00 0.3846
1108.00 0.3843
1107.00 0.3841
1106.00 0.3839
1105.00 0.3837
1104.00 0.3835
1103.00 0.3833
1102.00 0.3830
1101.00 0.3828
1100.00 0.3826
1099.00 0.3824
1098.00 0.3822
1097.00 0.3820
1096.00 0.3817
1095.00 0.3815
1094.00 0.3813
1093.00 0.3811
1092.00 0.3809
1091.00 0.3807
1090.00 0.3804
1089.00 0.3802
1088.00 0.3800
1087.00 0.3798
1086.00 0.3796
1085.00 0.3793
1084.00 0.3791
1083.00 0.3789
1082.00 0.3787
1081.00 0.3785
1080.00 0.3783
1079.00 0.3780
1078.00 0.3778
1077.00 0.3776
1076.00 0.3774
1075.00 0.3772
1074.00 0.3770
1073.00 0.3767
1072.00 0.3765
1071.00 0.3763
1070.00 0.3761
1069.00 0.3759
1068.00 0.3757
1067.00 0.3754
1066.00 0.3752
1065.00 0.3750
1064.00 0.3748
1063.00 0.3746
1062.00 0.3743
1061.00 0.3741
1060.00 0.3739
1059.00 0.3737
1058.00 0.3735
1057.00 0.3733
1056.00 0.3730
1055.00 0.3728
1054.00 0.3726
1053.00 0.3724
1052.00 0.3722
1051.00 0.3720
1050.00 0.3717
1049.00 0.3715
1048.00 0.3713
1047.00 0.3711
1046.00 0.3709
1045.00 0.3707
1044.00 0.3704
1043.00 0.3702
1042.00 0.3700
1041.00 0.3698
1040.00 0.3696
1039.00 0.3693
1038.00 0.3691
1037.00 0.3689
1036.00 0.3687
1035.00 0.3685
1034.00 0.3683
1033.00 0.3680
1032.00 0.3678
1031.00 0.3676
1030.00 0.3674
1029.00 0.3672
1028.00 0.3670
1027.00 0.3667
1026.00 0.3665
1025.00 0.3663
1024.00 0.3661
1023.00 0.3659
1022.00 0.3657
1021.00 0.3654
1020.00 0.3652
1019.00 0.3650
1018.00 0.3648
1017.00 0.3646
1016.00 0.3643
1015.00 0.3641
1014.00 0.3639
1013.00 0.3637
1012.00 0.3635
1011.00 0.3633
1010.00 0.3630
1009.00 0.3628
1008.00 0.3626
1007.00 0.3624
1006.00 0.3622
1005.00 0.3620
1004.00 0.3617
1003.00 0.3615
1002.00 0.3613
1001.00 0.3611
1000.00 0.3609
999.00 0.3607
998.00 0.3604
997.00 0.3602
996.00 0.3600
995.00 0.3598
994.00 0.3596
993.00 0.3593
992.00 0.3591
991.00 0.3589
990.00 0.3587
989.00 0.3585
988.00 0.3583
987.00 0.3580
986.00 0.3578
985.00 0.3576
984.00 0.3574
983.00 0.3572
982.00 0.3570
981.00 0.3567
980.00 0.3565
979.00 0.3563
978.00 0.3561
977.00 0.3559
976.00 0.3557
975.00 0.3554
974.00 0.3552
973.00 0.3550
972.00 0.3548
971.00 0.3546
970.00 0.3543
969.00 0.3541
968.00 0.3539
967.00 0.3537
966.00 0.3535
965.00 0.3533
964.00 0.3530
963.00 0.3528
962.00 0.3526
961.00 0.3524
960.00 0.3522
959.00 0.3520
958.00 0.3517
957.00 0.3515
956.00 0.3513
955.00 0.3511
954.00 0.3509
953.00 0.3507
952.00 0.3504
951.00 0.3502
950.00 0.3500
949.00 0.3498
948.00 0.3496
947.00 0.3493
946.00 0.3491
945.00 0.3489
944.00 0.3487
943.00 0.3485
942.00 0.3483
941.00 0.3480
940.00 0.3478
939.00 0.3476
938.00 0.3474
937.00 0.3472
936.00 0.3470
935.00 0.3467
934.00 0.3465
933.00 0.3463
932.00 0.3461
931.00 0.3459
930.00 0.3457
929.00 0.3454
928.00 0.3452
927.00 0.3450
926.00 0.3448
925.00 0.3446
924.00 0.3443
923.00 0.3441
922.00 0.3439
921.00 0.3437
920.00 0.3435
919.00 0.3433
918.00 0.3430
917.00 0.3428
916.00 0.3426
915.00 0.3424
914.00 0.3422
913.00 0.3420
912.00 0.3417
911.00 0.3415
910.00 0.3413
909.00 0.3411
908.00 0.3409
907.00 0.3407
906.00 0.3404
905.00 0.3402
904.00 0.3400
903.00 0.3398
902.00 0.3396
901.00 0.3393
900.00 0.3391
899.00 0.3389
898.00 0.3387
897.00 0.3385
896.00 0.3383
895.00 0.3380
894.00 0.3378
893.00 0.3376
892.00 0.3374
891.00 0.3372
890.00 0.3370
889.00 0.3367
888.00 0.3365
887.00 0.3363
886.00 0.3361
885.00 0.3359
884.00 0.3357
883.00 0.3354
882.00 0.3352
881.00 0.3350
880.00 0.3348
879.00 0.3346
878.00 0.3343
877.00 0.3341
876.00 0.3339
875.00 0.3337
874.00 0.3335
873.00 0.3333
872.00 0.3330
871.00 0.3328
870.00 0.3326
869.00 0.3324
868.00 0.3322
867.00 0.3320
866.00 0.3317
865.00 0.3315
864.00 0.3313
863.00 0.3311
862.00 0.3309
861.00 0.3307
860.00 0.3304
859.00 0.3302
858.00 0.3300
857.00 0.3298
856.00 0.3296
855.00 0.3293
854.00 0.3291
853.00 0.3289
852.00 0.3287
851.00 0.3285
850.00 0.3283
849.00 0.3280
848.00 0.3278
847.00 0.3276
846.00 0.3274
845.00 0.3272
844.00 0.3270
843.00 0.3267
842.00 0.3265
841.00 0.3263
840.00 0.3261
839.00 0.3259
838.00 0.3257
837.00 0.3254
836.00 0.3252
835.00 0.3250
834.00 0.3248
833.00 0.3246
832.00 0.3243
831.00 0.3241
830.00 0.3239
829.00 0.3237
828.00 0.3235
827.00 0.3233
826.00 0.3230
825.00 0.3228
824.00 0.3226
823.00 0.3224
822.00 0.3222
821.00 0.3220
820.00 0.3217
819.00 0.3215
818.00 0.3213
817.00 0.3211
816.00 0.3209
815.00 0.3207
814.00 0.3204
813.00 0.3202
812.00 0.3200
811.00 0.3198
810.00 0.3196
809.00 0.3193
808.00 0.3191
807.00 0.3189
806.00 0.3187
805.00 0.3185
804.00 0.3183
803.00 0.3180
802.00 0.3178
801.00 0.3176
800.00 0.3174
799.00 0.3172
798.00 0.3170
797.00 0.3167
796.00 0.3165
795.00 0.3163
794.00 0.3161
793.00 0.3159
792.00 0.3157
791.00 0.3154
790.00 0.3152
789.00 0.3150
788.00 0.3148
787.00 0.3146
786.00 0.3143
785.00 0.3141
784.00 0.3139
783.00 0.3137
782.00 0.3135
781.00 0.3133
780.00 0.3130
779.00 0.3128
778.00 0.3126
777.00 0.3124
776.00 0.3122
775.00 0.3120
774.00 0.3117
773.00 0.3115
772.00 0.3113
771.00 0.3111
770.00 0.3109
769.00 0.3107
768.00 0.3104
767.00 0.3102
766.00 0.3100
765.00 0.3098
764.00 0.3096
763.00 0.3093
762.00 0.3091
761.00 0.3089
760.00 0.3087
759.00 0.3085
758.00 0.3083
757.00 0.3080
756.00 0.3078
755.00 0.3076
754.00 0.3074
753.00 0.3072
752.00 0.3070
751.00 0.3067
750.00 0.3065
749.00 0.3063
748.00 0.3061
747.00 0.3059
746.00 0.3057
745.00 0.3054
744.00 0.3052
743.00 0.3050
742.00 0.3048
741.00 0.3046
740.00 0.3043
739.00 0.3041
738.00 0.3039
737.00 0.3037
736.00 0.3035
735.00 0.3033
734.00 0.3030
733.00 0.3028
732.00 0.3026
731.00 0.3024
730.00 0.3022
729.00 0.3020
728.00 0.3017
727.00 0.3015
726.00 0.3013
725.00 0.3011
724.00 0.3009
723.00 0.3007
722.00 0.3004
721.00 0.3002
720.00 0.3000
719.00 0.2998
718.00 0.2996
717.00 0.2993
716.00 0.2991
715.00 0.2989
714.00 0.2987
713.00 0.2985
712.00 0.2983
711.00 0.2980
710.00 0.2978
709.00 0.2976
708.00 0.2974
707.00 0.2972
706.00 0.2970
705.00 0.2967
704.00 0.2965
703.00 0.2963
702.00 0.2961
701.00 0.2959
700.00 0.2957
699.00 0.2954
698.00 0.2952
697.00 0.2950
696.00 0.2948
695.00 0.2946
694.00 0.2943
693.00 0.2941
692.00 0.2939
691.00 0.2937
690.00 0.2935
689.00 0.2933
688.00 0.2930
687.00 0.2928
686.00 0.2926
685.00 0.2924
684.00 0.2922
683.00 0.2920
682.00 0.2917
681.00 0.2915
680.00 0.2913
679.00 0.2911
678.00 0.2909
677.00 0.2907
676.00 0.2904
675.00 0.2902
674.00 0.2900
673.00 0.2898
672.00 0.2896
671.00 0.2893
670.00 0.2891
669.00 0.2889
668.00 0.2887
667.00 0.2885
666.00 0.2883
665.00 0.2880
664.00 0.2878
663.00 0.2876
662.00 0.2874
661.00 0.2872
660.00 0.2870
659.00 0.2867
658.00 0.2865
657.00 0.2863
656.00 0.2861
655.00 0.2859
654.00 0.2857
653.00 0.2854
652.00 0.2852
651.00 0.2850
650.00 0.2848
649.00 0.2846
648.00 0.2843
647.00 0.2841
646.00 0.2839
645.00 0.2837
644.00 0.2835
643.00 0.2833
642.00 0.2830
641.00 0.2828
640.00 0.2826
639.00 0.2824
638.00 0.2822
637.00 0.2820
636.00 0.2817
635.00 0.2815
634.00 0.2813
633.00 0.2811
632.00 0.2809
631.00 0.2807
630.00 0.2804
629.00 0.2802
628.00 0.2800
627.00 0.2798
626.00 0.2796
625.00 0.2793
624.00 0.2791
623.00 0.2789
622.00 0.2787
621.00 0.2785
620.00 0.2783
619.00 0.2780
618.00 0.2778
617.00 0.2776
616.00 0.2774
615.00 0.2772
614.00 0.2770
613.00 0.2767
612.00 0.2765
611.00 0.2763
610.00 0.2761
609.00 0.2759
608.00 0.2757
607.00 0.2754
606.00 0.2752
605.00 0.2750
604.00 0.2748
603.00 0.2746
602.00 0.2743
601.00 0.2741
600.00 0.2739
599.00 0.2737
598.00 0.2735
597.00 0.2733
596.00 0.2730
595.00 0.2728
594.00 0.2726
593.00 0.2724
592.00 0.2722
591.00 0.2720
590.00 0.2717
589.00 0.2715
588.00 0.2713
587.00 0.2711
586.00 0.2709
585.00 0.2707
584.00 0.2704
583.00 0.2702
582.00 0.2700
581.00 0.2698
580.00 0.2696
579.00 0.2693
578.00 0.2691
577.00 0.2689
576.00 0.2687
575.00 0.2685
574.00 0.2683
573.00 0.2680
572.00 0.2678
571.00 0.2676
570.00 0.2674
569.00 0.2672
568.00 0.2670
567.00 0.2667
566.00 0.2665
565.00 0.2663
564.00 0.2661
563.00 0.2659
562.00 0.2657
561.00 0.2654
560.00 0.2652
559.00 0.2650
558.00 0.2648
557.00 0.2646
556.00 0.2643
555.00 0.2641
554.00 0.2639
553.00 0.2637
552.00 0.2635
551.00 0.2633
550.00 0.2630
549.00 0.2628
548.00 0.2626
547.00 0.2624
546.00 0.2622
545.00 0.2620
544.00 0.2617
543.00 0.2615
542.00 0.2613
541.00 0.2611
540.00 0.2609
539.00 0.2607
538.00 0.2604
537.00 0.2602
536.00 0.2600
535.00 0.2598
534.00 0.2596
533.00 0.2593
532.00 0.2591
531.00 0.2589
530.00 0.2587
529.00 0.2585
528.00 0.2583
527.00 0.2580
526.00 0.2578
525.00 0.2576
524.00 0.2574
523.00 0.2572
522.00 0.2570
521.00 0.2567
520.00 0.2565
519.00 0.2563
518.00 0.2561
517.00 0.2559
516.00 0.2557
515.00 0.2554
514.00 0.2552
513.00 0.2550
512.00 0.2548
511.00 0.2546
510.00 0.2543
509.00 0.2541
508.00 0.2539
507.00 0.2537
506.00 0.2535
505.00 0.2533
504.00 0.2530
503.00 0.2528
502.00 0.2526
501.00 0.2524
500.00 0.2522
499.00 0.2520
498.00 0.2517
497.00 0.2515
496.00 0.2513
495.00 0.2511
494.00 0.2509
493.00 0.2507
492.00 0.2504
491.00 0.2502
490.00 0.2500
=======
1000.0
2200.00 1.6923
2198.28 1.6910
2196.56 1.6897
2194.83 1.6883
2193.11 1.6870
2191.39 1.6857
2189.67 1.6844
2187.95 1.6830
2186.23 1.6817
2184.50 1.6804
2182.78 1.6791
2181.06 1.6777
2179.34 1.6764
2177.62 1.6751
2175.90 1.6738
2174.17 1.6724
2172.45 1.6711
2170.73 1.6698
2169.01 1.6685
2167.29 1.6671
2165.57 1.6658
2163.84 1.6645
2162.12 1.6632
2160.40 1.6618
2158.68 1.6605
2156.96 1.6592
2155.24 1.6579
2153.51 1.6565
2151.79 1.6552
2150.07 1.6539
2148.35 1.6526
2146.63 1.6513
2144.90 1.6499
2143.18 1.6486
2141.46 1.6473
2139.74 1.6460
2138.02 1.6446
2136.30 1.6433
2134.57 1.6420
2132.85 1.6407
2131.13 1.6393
2129.41 1.6380
2127.69 1.6367
2125.97 1.6354
2124.24 1.6340
2122.52 1.6327
2120.80 1.6314
2119.08 1.6301
2117.36 1.6287
2115.64 1.6274
2113.91 1.6261
2112.19 1.6248
2110.47 1.6234
2108.75 1.6221
2107.03 1.6208
2105.31 1.6195
2103.58 1.6181
2101.86 1.6168
2100.14 1.6155
2098.42 1.6142
2096.70 1.6128
2094.97 1.6115
2093.25 1.6102
2091.53 1.6089
2089.81 1.6075
2088.09 1.6062
2086.37 1.6049
2084.64 1.6036
2082.92 1.6022
2081.20 1.6009
2079.48 1.5996
2077.76 1.5983
2076.04 1.5970
2074.31 1.5956
2072.59 1.5943
2070.87 1.5930
2069.15 1.5917
2067.43 1.5903
2065.71 1.5890
2063.98 1.5877
2062.26 1.5864
2060.54 1.5850
2058.82 1.5837
2057.10 1.5824
2055.38 1.5811
2053.65 1.5797
2051.93 1.5784
2050.21 1.5771
2048.49 1.5758
2046.77 1.5744
2045.05 1.5731
2043.32 1.5718
2041.60 1.5705
2039.88 1.5691
2038.16 1.5678
2036.44 1.5665
2034.71 1.5652
2032.99 1.5638
2031.27 1.5625
2029.55 1.5612
2027.83 1.5599
2026.11 1.5585
2024.38 1.5572
2022.66 1.5559
2020.94 1.5546
2019.22 1.5532
2017.50 1.5519
2015.78 1.5506
2014.05 1.5493
2012.33 1.5479
2010.61 1.5466
2008.89 1.5453
2007.17 1.5440
2005.45 1.5427
2003.72 1.5413
2002.00 1.5400
2000.28 1.5387
1998.56 1.5374
1996.84 1.5360
1995.12 1.5347
1993.39 1.5334
1991.67 1.5321
1989.95 1.5307
1988.23 1.5294
1986.51 1.5281
1984.78 1.5268
1983.06 1.5254
1981.34 1.5241
1979.62 1.5228
1977.90 1.5215
1976.18 1.5201
1974.45 1.5188
1972.73 1.5175
1971.01 1.5162
1969.29 1.5148
1967.57 1.5135
1965.85 1.5122
1964.12 1.5109
1962.40 1.5095
1960.68 1.5082
1958.96 1.5069
1957.24 1.5056
1955.52 1.5042
1953.79 1.5029
1952.07 1.5016
1950.35 1.5003
1948.63 1.4989
1946.91 1.4976
1945.19 1.4963
1943.46 1.4950
1941.74 1.4936
1940.02 1.4923
1938.30 1.4910
1936.58 1.4897
1934.85 1.4883
1933.13 1.4870
1931.41 1.4857
1929.69 1.4844
1927.97 1.4831
1926.25 1.4817
1924.52 1.4804
1922.80 1.4791
1921.08 1.4778
1919.36 1.4764
1917.64 1.4751
1915.92 1.4738
1914.19 1.4725
1912.47 1.4711
1910.75 1.4698
1909.03 1.4685
1907.31 1.4672
1905.59 1.4658
1903.86 1.4645
1902.14 1.4632
1900.42 1.4619
1898.70 1.4605
1896.98 1.4592
1895.26 1.4579
1893.53 1.4566
1891.81 1.4552
1890.09 1.4539
1888.37 1.4526
1886.65 1.4513
1884.92 1.4499
1883.20 1.4486
1881.48 1.4473
1879.76 1.4460
1878.04 1.4446
1876.32 1.4433
1874.59 1.4420
1872.87 1.4407
1871.15 1.4393
1869.43 1.4380
1867.71 1.4367
1865.99 1.4354
1864.26 1.4340
1862.54 1.4327
1860.82 1.4314
1859.10 1.4301
1857.38 1.4288
1855.66 1.4274
1853.93 1.4261
1852.21 1.4248
1850.49 1.4235
1848.77 1.4221
1847.05 1.4208
1845.33 1.4195
1843.60 1.4182
1841.88 1.4168
1840.16 1.4155
1838.44 1.4142
1836.72 1.4129
1834.99 1.4115
1833.27 1.4102
1831.55 1.4089
1829.83 1.4076
1828.11 1.4062
1826.39 1.4049
1824.66 1.4036
1822.94 1.4023
1821.22 1.4009
1819.50 1.3996
1817.78 1.3983
1816.06 1.3970
1814.33 1.3956
1812.61 1.3943
1810.89 1.3930
1809.17 1.3917
1807.45 1.3903
1805.73 1.3890
1804.00 1.3877
1802.28 1.3864
1800.56 1.3850
1798.84 1.3837
1797.12 1.3824
1795.40 1.3811
1793.67 1.3797
1791.95 1.3784
1790.23 1.3771
1788.51 1.3758
1786.79 1.3745
1785.07 1.3731
1783.34 1.3718
1781.62 1.3705
1779.90 1.3692
1778.18 1.3678
1776.46 1.3665
1774.73 1.3652
1773.01 1.3639
1771.29 1.3625
1769.57 1.3612
1767.85 1.3599
1766.13 1.3586
1764.40 1.3572
1762.68 1.3559
1760.96 1.3546
1759.24 1.3533
1757.52 1.3519
1755.80 1.3506
1754.07 1.3493
1752.35 1.3480
1750.63 1.3466
1748.91 1.3453
1747.19 1.3440
1745.47 1.3427
1743.74 1.3413
1742.02 1.3400
1740.30 1.3387
1738.58 1.3374
1736.86 1.3360
1735.14 1.3347
1733.41 1.3334
1731.69 1.3321
1729.97 1.3307
1728.25 1.3294
1726.53 1.3281
1724.80 1.3268
1723.08 1.3254
1721.36 1.3241
1719.64 1.3228
1717.92 1.3215
1716.20 1.3202
1714.47 1.3188
1712.75 1.3175
1711.03 1.3162
1709.31 1.3149
1707.59 1.3135
1705.87 1.3122
1704.14 1.3109
1702.42 1.3096
1700.70 1.3082
1698.98 1.3069
1697.26 1.3056
1695.54 1.3043
1693.81 1.3029
1692.09 1.3016
1690.37 1.3003
1688.65 1.2990
1686.93 1.2976
1685.21 1.2963
1683.48 1.2950
1681.76 1.2937
1680.04 1.2923
1678.32 1.2910
1676.60 1.2897
1674.87 1.2884
1673.15 1.2870
1671.43 1.2857
1669.71 1.2844
1667.99 1.2831
1666.27 1.2817
1664.54 1.2804
1662.82 1.2791
1661.10 1.2778
1659.38 1.2764
1657.66 1.2751
1655.94 1.2738
1654.21 1.2725
1652.49 1.2711
1650.77 1.2698
1649.05 1.2685
1647.33 1.2672
1645.61 1.2659
1643.88 1.2645
1642.16 1.2632
1640.44 1.2619
1638.72 1.2606
1637.00 1.2592
1635.28 1.2579
1633.55 1.2566
1631.83 1.2553
1630.11 1.2539
1628.39 1.2526
1626.67 1.2513
1624.94 1.2500
1623.22 1.2486
1621.50 1.2473
1619.78 1.2460
1618.06 1.2447
1616.34 1.2433
1614.61 1.2420
1612.89 1.2407
1611.17 1.2394
1609.45 1.2380
1607.73 1.2367
1606.01 1.2354
1604.28 1.2341
1602.56 1.2327
1600.84 1.2314
1599.12 1.2301
1597.40 1.2288
1595.68 1.2274
1593.95 1.2261
1592.23 1.2248
1590.51 1.2235
1588.79 1.2221
1587.07 1.2208
1585.35 1.2195
1583.62 1.2182
1581.90 1.2168
1580.18 1.2155
1578.46 1.2142
1576.74 1.2129
1575.02 1.2116
1573.29 1.2102
1571.57 1.2089
1569.85 1.2076
1568.13 1.2063
1566.41 1.2049
1564.68 1.2036
1562.96 1.2023
1561.24 1.2010
1559.52 1.1996
1557.80 1.1983
1556.08 1.1970
1554.35 1.1957
1552.63 1.1943
1550.91 1.1930
1549.19 1.1917
1547.47 1.1904
1545.75 1.1890
1544.02 1.1877
1542.30 1.1864
1540.58 1.1851
1538.86 1.1837
1537.14 1.1824
1535.42 1.1811
1533.69 1.1798
1531.97 1.1784
1530.25 1.1771
1528.53 1.1758
1526.81 1.1745
1525.09 1.1731
1523.36 1.1718
1521.64 1.1705
1519.92 1.1692
1518.20 1.1678
1516.48 1.1665
1514.75 1.1652
1513.03 1.1639
1511.31 1.1625
1509.59 1.1612
1507.87 1.1599
1506.15 1.1586
1504.42 1.1572
1502.70 1.1559
1500.98 1.1546
1499.26 1.1533
1497.54 1.1520
1495.82 1.1506
1494.09 1.1493
1492.37 1.1480
1490.65 1.1467
1488.93 1.1453
1487.21 1.1440
1485.49 1.1427
1483.76 1.1414
1482.04 1.1400
1480.32 1.1387
1478.60 1.1374
1476.88 1.1361
1475.16 1.1347
1473.43 1.1334
1471.71 1.1321
1469.99 1.1308
1468.27 1.1294
1466.55 1.1281
1464.82 1.1268
1463.10 1.1255
1461.38 1.1241
1459.66 1.1228
1457.94 1.1215
1456.22 1.1202
1454.49 1.1188
1452.77 1.1175
1451.05 1.1162
1449.33 1.1149
1447.61 1.1135
1445.89 1.1122
1444.16 1.1109
1442.44 1.1096
1440.72 1.1082
1439.00 1.1069
1437.28 1.1056
1435.56 1.1043
1433.83 1.1029
1432.11 1.1016
1430.39 1.1003
1428.67 1.0990
1426.95 1.0977
1425.23 1.0963
1423.50 1.0950
1421.78 1.0937
1420.06 1.0924
1418.34 1.0910
1416.62 1.0897
1414.89 1.0884
1413.17 1.0871
1411.45 1.0857
1409.73 1.0844
1408.01 1.0831
1406.29 1.0818
1404.56 1.0804
1402.84 1.0791
1401.12 1.0778
1399.40 1.0765
1397.68 1.0751
1395.96 1.0738
1394.23 1.0725
1392.51 1.0712
1390.79 1.0698
1389.07 1.0685
1387.35 1.0672
1385.63 1.0659
1383.90 1.0645
1382.18 1.0632
1380.46 1.0619
1378.74 1.0606
1377.02 1.0592
1375.30 1.0579
1373.57 1.0566
1371.85 1.0553
1370.13 1.0539
1368.41 1.0526
1366.69 1.0513
1364.96 1.0500
1363.24 1.0486
1361.52 1.0473
1359.80 1.0460
1358.08 1.0447
1356.36 1.0434
1354.63 1.0420
1352.91 1.0407
1351.19 1.0394
1349.47 1.0381
1347.75 1.0367
1346.03 1.0354
1344.30 1.0341
1342.58 1.0328
1340.86 1.0314
1339.14 1.0301
1337.42 1.0288
1335.70 1.0275
1333.97 1.0261
1332.25 1.0248
1330.53 1.0235
1328.81 1.0222
1327.09 1.0208
1325.37 1.0195
1323.64 1.0182
1321.92 1.0169
1320.20 1.0155
1318.48 1.0142
1316.76 1.0129
1315.04 1.0116
1313.31 1.0102
1311.59 1.0089
1309.87 1.0076
1308.15 1.0063
1306.43 1.0049
1304.70 1.0036
1302.98 1.0023
1301.26 1.0010
1299.54 0.9996
1297.82 0.9983
1296.10 0.9970
1294.37 0.9957
1292.65 0.9943
1290.93 0.9930
1289.21 0.9917
1287.49 0.9904
1285.77 0.9891
1284.04 0.9877
1282.32 0.9864
1280.60 0.9851
1278.88 0.9838
1277.16 0.9824
1275.44 0.9811
1273.71 0.9798
1271.99 0.9785
1270.27 0.9771
1268.55 0.9758
1266.83 0.9745
1265.11 0.9732
1263.38 0.9718
1261.66 0.9705
1259.94 0.9692
1258.22 0.9679
1256.50 0.9665
1254.77 0.9652
1253.05 0.9639
1251.33 0.9626
1249.61 0.9612
1247.89 0.9599
1246.17 0.9586
1244.44 0.9573
1242.72 0.9559
1241.00 0.9546
1239.28 0.9533
1237.56 0.9520
1235.84 0.9506
1234.11 0.9493
1232.39 0.9480
1230.67 0.9467
1228.95 0.9453
1227.23 0.9440
1225.51 0.9427
1223.78 0.9414
1222.06 0.9400
1220.34 0.9387
1218.62 0.9374
1216.90 0.9361
1215.18 0.9348
1213.45 0.9334
1211.73 0.9321
1210.01 0.9308
1208.29 0.9295
1206.57 0.9281
1204.84 0.9268
1203.12 0.9255
1201.40 0.9242
1199.68 0.9228
1197.96 0.9215
1196.24 0.9202
1194.51 0.9189
1192.79 0.9175
1191.07 0.9162
1189.35 0.9149
1187.63 0.9136
1185.91 0.9122
1184.18 0.9109
1182.46 0.9096
1180.74 0.9083
1179.02 0.9069
1177.30 0.9056
1175.58 0.9043
1173.85 0.9030
1172.13 0.9016
1170.41 0.9003
1168.69 0.8990
1166.97 0.8977
1165.25 0.8963
1163.52 0.8950
1161.80 0.8937
1160.08 0.8924
1158.36 0.8910
1156.64 0.8897
1154.91 0.8884
1153.19 0.8871
1151.47 0.8857
1149.75 0.8844
1148.03 0.8831
1146.31 0.8818
1144.58 0.8804
1142.86 0.8791
1141.14 0.8778
1139.42 0.8765
1137.70 0.8752
1135.98 0.8738
1134.25 0.8725
1132.53 0.8712
1130.81 0.8699
1129.09 0.8685
1127.37 0.8672
1125.65 0.8659
1123.92 0.8646
1122.20 0.8632
1120.48 0.8619
1118.76 0.8606
1117.04 0.8593
1115.32 0.8579
1113.59 0.8566
1111.87 0.8553
1110.15 0.8540
1108.43 0.8526
1106.71 0.8513
1104.98 0.8500
1103.26 0.8487
1101.54 0.8473
1099.82 0.8460
1098.10 0.8447
1096.38 0.8434
1094.65 0.8420
1092.93 0.8407
1091.21 0.8394
1089.49 0.8381
1087.77 0.8367
1086.05 0.8354
1084.32 0.8341
1082.60 0.8328
1080.88 0.8314
1079.16 0.8301
1077.44 0.8288
1075.72 0.8275
1073.99 0.8261
1072.27 0.8248
1070.55 0.8235
1068.83 0.8222
1067.11 0.8209
1065.39 0.8195
1063.66 0.8182
1061.94 0.8169
1060.22 0.8156
1058.50 0.8142
1056.78 0.8129
1055.06 0.8116
1053.33 0.8103
1051.61 0.8089
1049.89 0.8076
1048.17 0.8063
1046.45 0.8050
1044.72 0.8036
1043.00 0.8023
1041.28 0.8010
1039.56 0.7997
1037.84 0.7983
1036.12 0.7970
1034.39 0.7957
1032.67 0.7944
1030.95 0.7930
1029.23 0.7917
1027.51 0.7904
1025.79 0.7891
1024.06 0.7877
1022.34 0.7864
1020.62 0.7851
1018.90 0.7838
1017.18 0.7824
1015.46 0.7811
1013.73 0.7798
1012.01 0.7785
1010.29 0.7771
1008.57 0.7758
1006.85 0.7745
1005.13 0.7732
1003.40 0.7718
1001.68 0.7705
999.96 0.7692
998.24 0.7679
996.52 0.7666
994.79 0.7652
993.07 0.7639
991.35 0.7626
989.63 0.7613
987.91 0.7599
986.19 0.7586
984.46 0.7573
982.74 0.7560
981.02 0.7546
979.30 0.7533
977.58 0.7520
975.86 0.7507
974.13 0.7493
972.41 0.7480
970.69 0.7467
968.97 0.7454
967.25 0.7440
965.53 0.7427
963.80 0.7414
962.08 0.7401
960.36 0.7387
958.64 0.7374
956.92 0.7361
955.20 0.7348
953.47 0.7334
951.75 0.7321
950.03 0.7308
948.31 0.7295
946.59 0.7281
944.86 0.7268
943.14 0.7255
941.42 0.7242
939.70 0.7228
937.98 0.7215
936.26 0.7202
934.53 0.7189
932.81 0.7175
931.09 0.7162
929.37 0.7149
927.65 0.7136
925.93 0.7123
924.20 0.7109
922.48 0.7096
920.76 0.7083
919.04 0.7070
917.32 0.7056
915.60 0.7043
913.87 0.7030
912.15 0.7017
910.43 0.7003
908.71 0.6990
906.99 0.6977
905.27 0.6964
903.54 0.6950
901.82 0.6937
900.10 0.6924
898.38 0.6911
896.66 0.6897
894.93 0.6884
893.21 0.6871
891.49 0.6858
889.77 0.6844
888.05 0.6831
886.33 0.6818
884.60 0.6805
882.88 0.6791
881.16 0.6778
879.44 0.6765
877.72 0.6752
876.00 0.6738
874.27 0.6725
872.55 0.6712
870.83 0.6699
869.11 0.6685
867.39 0.6672
865.67 0.6659
863.94 0.6646
862.22 0.6632
860.50 0.6619
858.78 0.6606
857.06 0.6593
855.34 0.6580
853.61 0.6566
851.89 0.6553
850.17 0.6540
848.45 0.6527
846.73 0.6513
845.01 0.6500
843.28 0.6487
841.56 0.6474
839.84 0.6460
838.12 0.6447
836.40 0.6434
834.67 0.6421
832.95 0.6407
831.23 0.6394
829.51 0.6381
827.79 0.6368
826.07 0.6354
824.34 0.6341
822.62 0.6328
820.90 0.6315
819.18 0.6301
817.46 0.6288
815.74 0.6275
814.01 0.6262
812.29 0.6248
810.57 0.6235
808.85 0.6222
807.13 0.6209
805.41 0.6195
803.68 0.6182
801.96 0.6169
800.24 0.6156
798.52 0.6142
796.80 0.6129
795.08 0.6116
793.35 0.6103
791.63 0.6089
789.91 0.6076
788.19 0.6063
786.47 0.6050
784.74 0.6036
783.02 0.6023
781.30 0.6010
779.58 0.5997
777.86 0.5984
776.14 0.5970
774.41 0.5957
772.69 0.5944
770.97 0.5931
769.25 0.5917
767.53 0.5904
765.81 0.5891
764.08 0.5878
762.36 0.5864
760.64 0.5851
758.92 0.5838
757.20 0.5825
755.48 0.5811
753.75 0.5798
752.03 0.5785
750.31 0.5772
748.59 0.5758
746.87 0.5745
745.15 0.5732
743.42 0.5719
741.70 0.5705
739.98 0.5692
738.26 0.5679
736.54 0.5666
734.81 0.5652
733.09 0.5639
731.37 0.5626
729.65 0.5613
727.93 0.5599
726.21 0.5586
724.48 0.5573
722.76 0.5560
721.04 0.5546
719.32 0.5533
717.60 0.5520
715.88 0.5507
714.15 0.5493
712.43 0.5480
710.71 0.5467
708.99 0.5454
707.27 0.5441
705.55 0.5427
703.82 0.5414
702.10 0.5401
700.38 0.5388
698.66 0.5374
696.94 0.5361
695.22 0.5348
693.49 0.5335
691.77 0.5321
690.05 0.5308
688.33 0.5295
686.61 0.5282
684.88 0.5268
683.16 0.5255
681.44 0.5242
679.72 0.5229
678.00 0.5215
676.28 0.5202
674.55 0.5189
672.83 0.5176
671.11 0.5162
669.39 0.5149
667.67 0.5136
665.95 0.5123
664.22 0.5109
662.50 0.5096
660.78 0.5083
659.06 0.5070
657.34 0.5056
655.62 0.5043
653.89 0.5030
652.17 0.5017
650.45 0.5003
648.73 0.4990
647.01 0.4977
645.29 0.4964
643.56 0.4950
641.84 0.4937
640.12 0.4924
638.40 0.4911
636.68 0.4898
634.95 0.4884
633.23 0.4871
631.51 0.4858
629.79 0.4845
628.07 0.4831
626.35 0.4818
624.62 0.4805
622.90 0.4792
621.18 0.4778
619.46 0.4765
617.74 0.4752
616.02 0.4739
614.29 0.4725
612.57 0.4712
610.85 0.4699
609.13 0.4686
607.41 0.4672
605.69 0.4659
603.96 0.4646
602.24 0.4633
600.52 0.4619
598.80 0.4606
597.08 0.4593
595.36 0.4580
593.63 0.4566
591.91 0.4553
590.19 0.4540
588.47 0.4527
586.75 0.4513
585.03 0.4500
583.30 0.4487
581.58 0.4474
579.86 0.4460
578.14 0.4447
576.42 0.4434
574.69 0.4421
572.97 0.4407
571.25 0.4394
569.53 0.4381
567.81 0.4368
566.09 0.4355
564.36 0.4341
562.64 0.4328
560.92 0.4315
559.20 0.4302
557.48 0.4288
555.76 0.4275
554.03 0.4262
552.31 0.4249
550.59 0.4235
548.87 0.4222
547.15 0.4209
545.43 0.4196
543.70 0.4182
541.98 0.4169
540.26 0.4156
538.54 0.4143
536.82 0.4129
535.10 0.4116
533.37 0.4103
531.65 0.4090
529.93 0.4076
528.21 0.4063
526.49 0.4050
524.76 0.4037
523.04 0.4023
521.32 0.4010
519.60 0.3997
517.88 0.3984
516.16 0.3970
514.43 0.3957
512.71 0.3944
510.99 0.3931
509.27 0.3917
507.55 0.3904
505.83 0.3891
504.10 0.3878
502.38 0.3864
500.66 0.3851
498.94 0.3838
497.22 0.3825
495.50 0.3812
493.77 0.3798
492.05 0.3785
490.33 0.3772
488.61 0.3759
486.89 0.3745
485.17 0.3732
483.44 0.3719
481.72 0.3706
480.00 0.3692
>>>>>>> main
