50
      709.79  9.60755e-08  1.92151e-09
      709.91  9.67503e-08  1.93501e-09
      710.04  9.69138e-08  1.93828e-09
      710.16  9.67653e-08  1.93531e-09
      710.29  1.05490e-07  2.10980e-09
      710.42  1.03912e-07  2.07825e-09
      710.54  9.80038e-08  1.96008e-09
      710.67  9.50603e-08  1.90121e-09
      710.80  9.50847e-08  1.90169e-09
      710.92  9.36225e-08  1.87245e-09
      711.05  9.43053e-08  1.88611e-09
      711.17  9.35268e-08  1.87054e-09
      711.30  9.46510e-08  1.89302e-09
      711.43  9.37980e-08  1.87596e-09
      711.55  9.38716e-08  1.87743e-09
      711.68  9.27598e-08  1.85520e-09
      711.81  9.43695e-08  1.88739e-09
      711.93  9.42416e-08  1.88483e-09
      712.06  9.71233e-08  1.94247e-09
      712.19  9.82841e-08  1.96568e-09
      712.31  9.72327e-08  1.94465e-09
      712.44  9.66496e-08  1.93299e-09
      712.57  1.03543e-07  2.07086e-09
      712.69  1.11910e-07  2.23819e-09
      712.82  1.06262e-07  2.12523e-09
      712.95  9.66064e-08  1.93213e-09
      713.08  9.46804e-08  1.89361e-09
      713.20  9.37118e-08  1.87424e-09
      713.33  9.36673e-08  1.87335e-09
      713.46  9.33065e-08  1.86613e-09
      713.58  9.33713e-08  1.86743e-09
      713.71  9.35559e-08  1.87112e-09
      713.84  9.33007e-08  1.86601e-09
      713.97  9.30868e-08  1.86174e-09
      714.09  9.33013e-08  1.86603e-09
      714.22  9.37024e-08  1.87405e-09
      714.35  9.45345e-08  1.89069e-09
      714.48  9.62030e-08  1.92406e-09
      714.60  9.48679e-08  1.89736e-09
      714.73  9.49346e-08  1.89869e-09
      714.86  9.59449e-08  1.91890e-09
      714.99  1.02358e-07  2.04717e-09
      715.12  1.03846e-07  2.07692e-09
      715.24  9.74267e-08  1.94853e-09
      715.37  9.42452e-08  1.88490e-09
      715.50  9.38097e-08  1.87619e-09
      715.63  9.35369e-08  1.87074e-09
      715.76  9.34474e-08  1.86895e-09
      715.88  9.38225e-08  1.87645e-09
      716.01  9.39787e-08  1.87957e-09
      