251
      700.00  1.22846e-07  1.40314e-09
      700.20  1.23462e-07  2.05972e-09
      700.40  1.29127e-07  9.70125e-10
      700.60  1.32021e-07  1.38654e-09
      700.80  1.39300e-07  9.26252e-10
      701.00  1.39714e-07  2.60310e-09
      701.20  1.31034e-07  3.56472e-11
      701.40  1.25878e-07  4.81494e-10
      701.60  1.23109e-07  1.17056e-09
      701.80  1.23105e-07  1.65714e-10
      702.00  1.23592e-07  6.77614e-10
      702.20  1.22529e-07  5.86757e-10
      702.40  1.23798e-07  7.46808e-11
      702.60  1.24090e-07  1.84662e-09
      702.80  1.32460e-07  8.24185e-10
      703.00  1.40916e-07  1.47938e-09
      703.20  1.50979e-07  1.49239e-10
      703.40  1.43384e-07  2.76452e-09
      703.60  1.32481e-07  1.32136e-09
      703.80  1.27026e-07  1.23709e-09
      704.00  1.23055e-07  1.73175e-10
      704.20  1.21590e-07  1.18938e-09
      704.40  1.22450e-07  6.19792e-10
      704.60  1.24121e-07  3.24370e-10
      704.80  1.24874e-07  1.97490e-11
      705.00  1.25329e-07  1.67296e-09
      705.20  1.32002e-07  5.99211e-10
      705.40  1.38810e-07  1.24979e-09
      705.60  1.39887e-07  7.78807e-10
      705.80  1.38165e-07  1.83833e-09
      706.00  1.27584e-07  1.51534e-09
      706.20  1.25492e-07  8.55987e-10
      706.40  1.22058e-07  8.78876e-10
      706.60  1.24690e-07  2.22291e-09
      706.80  1.23985e-07  1.49871e-09
      707.00  1.23767e-07  7.82554e-10
      707.20  1.23779e-07  8.58392e-10
      707.40  1.30052e-07  1.36049e-09
      707.60  1.37716e-07  6.62650e-10
      707.80  1.49680e-07  1.09931e-09
      708.00  1.51799e-07  3.36402e-10
      708.20  1.41089e-07  6.91422e-10
      708.40  1.32474e-07  2.99576e-09
      708.60  1.25403e-07  1.55213e-09
      708.80  1.23485e-07  9.06769e-10
      709.00  1.24928e-07  2.28829e-09
      709.20  1.23181e-07  5.00035e-11
      709.40  1.23834e-07  7.06725e-11
      709.60  1.26903e-07  1.35159e-09
      709.80  1.27623e-07  1.17865e-09
      710.00  1.35253e-07  1.11627e-09
      710.20  1.41910e-07  1.84177e-09
      710.40  1.39363e-07  7.73583e-10
      710.60  1.34946e-07  1.93333e-09
      710.80  1.27344e-07  1.21000e-09
      711.00  1.23220e-07  4.19406e-11
      711.20  1.23001e-07  5.06106e-10
      711.40  1.21864e-07  6.39046e-10
      711.60  1.22394e-07  4.87379e-10
      711.80  1.24188e-07  1.43986e-10
      712.00  1.27840e-07  1.31499e-09
      712.20  1.32727e-07  1.32947e-09
      712.40  1.41791e-07  5.73716e-10
      712.60  1.52093e-07  9.00993e-10
      712.80  1.50658e-07  2.22504e-09
      713.00  1.36262e-07  8.45761e-10
      713.20  1.24929e-07  9.46820e-10
      713.40  1.23499e-07  7.54407e-10
      713.60  1.22783e-07  5.66953e-10
      713.80  1.18991e-07  3.35575e-09
      714.00  1.23854e-07  7.83763e-10
      714.20  1.21650e-07  3.06818e-09
      714.40  1.29208e-07  2.10427e-09
      714.60  1.30705e-07  2.04151e-10
      714.80  1.36691e-07  5.49901e-10
      715.00  1.40201e-07  5.08068e-11
      715.20  1.37755e-07  1.36753e-09
      715.40  1.27883e-07  7.92746e-10
      715.60  1.26955e-07  2.76415e-09
      715.80  1.26152e-07  1.97661e-09
      716.00  1.26870e-07  1.34622e-09
      716.20  1.34114e-07  4.81443e-10
      716.40  1.38248e-07  9.25013e-10
      716.60  1.38231e-07  4.09225e-09
      716.80  1.29620e-07  1.41156e-09
      717.00  1.33344e-07  1.03167e-09
      717.20  1.45244e-07  1.00817e-09
      717.40  1.48677e-07  4.91584e-10
      717.60  1.42112e-07  1.18803e-09
      717.80  1.31774e-07  2.41589e-09
      718.00  1.23883e-07  1.75729e-10
      718.20  1.20259e-07  2.13458e-09
      718.40  1.20884e-07  1.45231e-09
      718.60  1.22151e-07  6.72416e-10
      718.80  1.24387e-07  3.54082e-10
      719.00  1.27467e-07  1.92738e-09
      719.20  1.26300e-07  1.03480e-09
      719.40  1.32034e-07  9.33361e-11
      719.60  1.43091e-07  2.95123e-09
      719.80  1.44865e-07  1.17165e-10
      720.00  1.39439e-07  7.27340e-10
      720.20  1.29941e-07  8.74660e-10
      720.40  1.24968e-07  2.46231e-10
      720.60  1.22238e-07  5.23524e-10
      720.80  1.19866e-07  2.81708e-09
      721.00  1.24583e-07  1.16187e-09
      721.20  1.25813e-07  1.33736e-09
      721.40  1.22817e-07  2.47408e-09
      721.60  1.28675e-07  1.31747e-09
      721.80  1.33693e-07  1.21795e-10
      722.00  1.41613e-07  1.40981e-10
      722.20  1.38082e-07  2.53481e-09
      722.40  1.32336e-07  5.69469e-10
      722.60  1.25092e-07  5.23421e-10
      722.80  1.21582e-07  1.14755e-10
      723.00  1.22226e-07  1.67754e-09
      723.20  1.21599e-07  1.44574e-09
      723.40  1.19497e-07  1.41602e-09
      723.60  1.20495e-07  1.74692e-09
      723.80  1.24330e-07  1.06249e-09
      724.00  1.25082e-07  1.68723e-10
      724.20  1.27229e-07  1.02064e-09
      724.40  1.30091e-07  8.10320e-10
      724.60  1.30626e-07  1.21744e-09
      724.80  1.24450e-07  1.09794e-09
      725.00  1.22087e-07  1.01447e-09
      725.20  1.22734e-07  2.94301e-10
      725.40  1.22821e-07  3.50881e-10
      725.60  1.24127e-07  1.41185e-09
      725.80  1.22981e-07  6.16755e-11
      726.00  1.23532e-07  7.45050e-10
      726.20  1.21241e-07  1.24556e-09
      726.40  1.24061e-07  1.67898e-09
      726.60  1.24081e-07  1.64395e-09
      726.80  1.22951e-07  4.17035e-10
      727.00  1.24129e-07  1.50972e-09
      727.20  1.23643e-07  1.08514e-09
      727.40  1.23784e-07  1.35109e-09
      727.60  1.21842e-07  1.01995e-09
      727.80  1.24231e-07  1.80194e-09
      728.00  1.36638e-07  7.81660e-10
      728.20  1.51275e-07  8.66421e-11
      728.40  1.62822e-07  4.80307e-10
      728.60  1.70982e-07  1.06410e-09
      728.80  1.99044e-07  1.51328e-09
      729.00  2.79554e-07  4.75014e-10
      729.20  3.72871e-07  1.94755e-09
      729.40  4.01007e-07  1.66695e-09
      729.60  3.64518e-07  7.70460e-10
      729.80  3.04714e-07  1.41541e-09
      730.00  2.54455e-07  4.37256e-10
      730.20  2.19014e-07  5.32662e-10
      730.40  1.96266e-07  3.93720e-10
      730.60  1.80067e-07  7.70707e-10
      730.80  1.75744e-07  1.48330e-09
      731.00  1.73996e-07  5.57541e-10
      731.20  1.73572e-07  1.46112e-09
      731.40  1.67337e-07  3.61554e-10
      731.60  1.60122e-07  2.50816e-09
      731.80  1.45775e-07  2.23177e-10
      732.00  1.36325e-07  3.79598e-10
      732.20  1.32598e-07  1.34908e-09
      732.40  1.27924e-07  7.22330e-10
      732.60  1.29316e-07  1.57260e-09
      732.80  1.25232e-07  1.77528e-09
      733.00  1.26785e-07  1.06062e-09
      733.20  1.23932e-07  1.24231e-09
      733.40  1.27794e-07  6.80346e-10
      733.60  1.38387e-07  5.61717e-10
      733.80  1.45028e-07  1.57335e-09
      734.00  1.45025e-07  1.20254e-09
      734.20  1.33220e-07  1.16781e-10
      734.40  1.28118e-07  2.49288e-09
      734.60  1.22989e-07  4.68886e-10
      734.80  1.24340e-07  4.49823e-10
      735.00  1.25191e-07  1.39109e-10
      735.20  1.24642e-07  8.75854e-10
      735.40  1.26237e-07  8.67088e-10
      735.60  1.24751e-07  1.49997e-09
      735.80  1.33751e-07  3.99300e-09
      736.00  1.34257e-07  1.39194e-09
      736.20  1.40088e-07  1.67424e-09
      736.40  1.35577e-07  2.20932e-09
      736.60  1.24685e-07  1.32282e-09
      736.80  1.22570e-07  2.59781e-11
      737.00  1.22447e-07  6.53601e-11
      737.20  1.25337e-07  1.51566e-09
      737.40  1.26591e-07  1.92237e-09
      737.60  1.26594e-07  2.32809e-09
      737.80  1.23550e-07  6.81977e-10
      738.00  1.27811e-07  7.28785e-10
      738.20  1.37055e-07  1.71795e-09
      738.40  1.47446e-07  2.48051e-10
      738.60  1.48245e-07  2.82191e-09
      738.80  1.42633e-07  1.33563e-09
      739.00  1.27786e-07  1.50876e-09
      739.20  1.23426e-07  3.88003e-10
      739.40  1.25059e-07  1.54903e-09
      739.60  1.25420e-07  3.87794e-10
      739.80  1.24824e-07  7.69000e-10
      740.00  1.24492e-07  4.03319e-10
      740.20  1.27103e-07  1.94011e-09
      740.40  1.29854e-07  1.71615e-09
      740.60  1.33625e-07  6.11786e-10
      740.80  1.40624e-07  1.72839e-10
      741.00  1.40055e-07  6.24875e-11
      741.20  1.31763e-07  8.60961e-10
      741.40  1.24548e-07  1.52412e-09
      741.60  1.22957e-07  1.09131e-09
      741.80  1.24721e-07  1.81370e-10
      742.00  1.25582e-07  2.25540e-10
      742.20  1.26040e-07  9.37248e-10
      742.40  1.24829e-07  8.01470e-10
      742.60  1.25939e-07  1.07361e-09
      742.80  1.30300e-07  3.35609e-10
      743.00  1.39754e-07  9.12470e-10
      743.20  1.48258e-07  1.71959e-09
      743.40  1.45675e-07  7.66870e-10
      743.60  1.34660e-07  6.83657e-10
      743.80  1.25350e-07  1.05994e-10
      744.00  1.23140e-07  5.66824e-10
      744.20  1.24174e-07  2.47385e-10
      744.40  1.21791e-07  2.15282e-09
      744.60  1.21642e-07  3.36850e-10
      744.80  1.19428e-07  6.16249e-10
      745.00  1.19213e-07  2.22398e-10
      745.20  1.22213e-07  2.74966e-10
      745.40  1.30549e-07  4.62814e-10
      745.60  1.37925e-07  1.90678e-09
      745.80  1.34953e-07  1.05034e-09
      746.00  1.27549e-07  4.09491e-10
      746.20  1.23327e-07  1.69391e-09
      746.40  1.24788e-07  5.84360e-10
      746.60  1.25983e-07  2.11178e-10
      746.80  1.22678e-07  1.97609e-09
      747.00  1.23352e-07  4.71348e-12
      747.20  1.22823e-07  6.54531e-10
      747.40  1.25239e-07  1.25764e-09
      747.60  1.33592e-07  1.19082e-09
      747.80  1.46225e-07  1.56968e-10
      748.00  1.48244e-07  1.76418e-09
      748.20  1.39993e-07  7.33198e-10
      748.40  1.29607e-07  1.81246e-10
      748.60  1.25805e-07  2.46093e-10
      748.80  1.26371e-07  9.82290e-10
      749.00  1.23700e-07  1.00604e-09
      749.20  1.23717e-07  1.17588e-09
      749.40  1.19649e-07  2.70626e-10
      749.60  1.18441e-07  7.23041e-10
      749.80  1.19328e-07  9.09784e-10
      750.00  1.25181e-07  1.15592e-10
      