1100
      1240.10  3.60303e-09  3.00000e-10
      1240.20  3.29399e-09  3.00000e-10
      1240.30  3.84573e-09  3.00000e-10
      1240.40  5.09886e-09  3.00000e-10
      1240.50  7.52378e-09  3.00000e-10
      1240.60  9.85036e-09  3.00000e-10
      1240.70  1.28200e-08  3.00000e-10
      1240.80  1.60671e-08  3.00000e-10
      1240.90  1.93381e-08  3.00000e-10
      1241.00  1.89118e-08  3.00000e-10
      1241.10  1.60827e-08  3.00000e-10
      1241.20  1.10521e-08  3.00000e-10
      1241.30  6.74245e-09  3.00000e-10
      1241.40  3.92988e-09  3.00000e-10
      1241.50  3.51692e-09  3.00000e-10
      1241.60  5.44251e-09  3.00000e-10
      1241.70  9.33822e-09  3.00000e-10
      1241.80  1.28502e-08  3.00000e-10
      1241.90  1.49696e-08  3.00000e-10
      1242.00  1.31566e-08  3.00000e-10
      1242.10  9.43688e-09  3.00000e-10
      1242.20  6.30930e-09  3.00000e-10
      1242.30  5.13854e-09  3.00000e-10
      1242.40  7.10926e-09  3.00000e-10
      1242.50  1.03607e-08  3.00000e-10
      1242.60  1.32075e-08  3.00000e-10
      1242.70  1.38378e-08  3.00000e-10
      1242.80  1.26178e-08  3.00000e-10
      1242.90  1.04712e-08  3.00000e-10
      1243.00  9.72569e-09  3.00000e-10
      1243.10  1.03638e-08  3.00000e-10
      1243.20  1.22375e-08  3.00000e-10
      1243.30  1.35644e-08  3.00000e-10
      1243.40  1.27535e-08  3.00000e-10
      1243.50  9.71501e-09  3.00000e-10
      1243.60  6.43546e-09  3.00000e-10
      1243.70  3.98827e-09  3.00000e-10
      1243.80  2.64770e-09  3.00000e-10
      1243.90  2.11758e-09  3.00000e-10
      1244.00  2.32591e-09  3.00000e-10
      1244.10  1.93842e-09  3.00000e-10
      1244.20  1.75892e-09  3.00000e-10
      1244.30  1.92605e-09  3.00000e-10
      1244.40  2.18575e-09  3.00000e-10
      1244.50  1.71361e-09  3.00000e-10
      1244.60  2.52455e-09  3.00000e-10
      1244.70  2.91550e-09  3.00000e-10
      1244.80  4.34180e-09  3.00000e-10
      1244.90  7.73680e-09  3.00000e-10
      1245.00  1.25271e-08  3.00000e-10
      1245.10  1.89605e-08  3.00000e-10
      1245.20  2.18015e-08  3.00000e-10
      1245.30  2.12066e-08  3.00000e-10
      1245.40  1.80289e-08  3.00000e-10
      1245.50  1.56762e-08  3.00000e-10
      1245.60  1.59959e-08  3.00000e-10
      1245.70  1.79234e-08  3.00000e-10
      1245.80  1.78391e-08  3.00000e-10
      1245.90  1.48723e-08  3.00000e-10
      1246.00  1.13687e-08  3.00000e-10
      1246.10  9.82310e-09  3.00000e-10
      1246.20  1.17359e-08  3.00000e-10
      1246.30  1.57334e-08  3.00000e-10
      1246.40  1.97561e-08  3.00000e-10
      1246.50  2.00309e-08  3.00000e-10
      1246.60  1.72352e-08  3.00000e-10
      1246.70  1.33174e-08  3.00000e-10
      1246.80  9.32996e-09  3.00000e-10
      1246.90  6.92940e-09  3.00000e-10
      1247.00  5.06734e-09  3.00000e-10
      1247.10  3.91638e-09  3.00000e-10
      1247.20  4.00902e-09  3.00000e-10
      1247.30  5.12540e-09  3.00000e-10
      1247.40  8.70059e-09  3.00000e-10
      1247.50  1.55419e-08  3.00000e-10
      1247.60  2.50622e-08  3.00000e-10
      1247.70  3.43598e-08  3.00000e-10
      1247.80  3.86087e-08  3.00000e-10
      1247.90  3.57400e-08  3.00000e-10
      1248.00  2.67966e-08  3.00000e-10
      1248.10  1.73600e-08  3.00000e-10
      1248.20  1.07035e-08  3.00000e-10
      1248.30  6.72945e-09  3.00000e-10
      1248.40  5.52476e-09  3.00000e-10
      1248.50  4.52408e-09  3.00000e-10
      1248.60  3.83432e-09  3.00000e-10
      1248.70  3.90426e-09  3.00000e-10
      1248.80  3.26278e-09  3.00000e-10
      1248.90  2.97790e-09  3.00000e-10
      1249.00  3.00990e-09  3.00000e-10
      1249.10  3.51294e-09  3.00000e-10
      1249.20  4.19946e-09  3.00000e-10
      1249.30  6.91931e-09  3.00000e-10
      1249.40  1.10051e-08  3.00000e-10
      1249.50  1.58571e-08  3.00000e-10
      1249.60  1.90526e-08  3.00000e-10
      1249.70  1.94711e-08  3.00000e-10
      1249.80  1.87578e-08  3.00000e-10
      1249.90  1.71431e-08  3.00000e-10
      1250.00  1.57386e-08  3.00000e-10
      1250.10  1.27412e-08  3.00000e-10
      1250.20  9.59102e-09  3.00000e-10
      1250.30  5.74325e-09  3.00000e-10
      1250.40  3.67333e-09  3.00000e-10
      1250.50  2.25080e-09  3.00000e-10
      1250.60  2.09101e-09  3.00000e-10
      1250.70  1.11503e-09  3.00000e-10
      1250.80  1.44130e-09  3.00000e-10
      1250.90  1.41120e-09  3.00000e-10
      1251.00  1.89248e-09  3.00000e-10
      1251.10  1.98642e-09  3.00000e-10
      1251.20  2.21608e-09  3.00000e-10
      1251.30  2.82734e-09  3.00000e-10
      1251.40  2.93706e-09  3.00000e-10
      1251.50  3.08043e-09  3.00000e-10
      1251.60  3.70767e-09  3.00000e-10
      1251.70  5.02232e-09  3.00000e-10
      1251.80  5.74083e-09  3.00000e-10
      1251.90  6.97894e-09  3.00000e-10
      1252.00  7.03699e-09  3.00000e-10
      1252.10  7.53442e-09  3.00000e-10
      1252.20  8.62394e-09  3.00000e-10
      1252.30  9.35595e-09  3.00000e-10
      1252.40  8.88127e-09  3.00000e-10
      1252.50  8.61847e-09  3.00000e-10
      1252.60  7.63923e-09  3.00000e-10
      1252.70  6.55074e-09  3.00000e-10
      1252.80  6.27613e-09  3.00000e-10
      1252.90  6.57936e-09  3.00000e-10
      1253.00  8.26174e-09  3.00000e-10
      1253.10  1.20023e-08  3.00000e-10
      1253.20  1.77631e-08  3.00000e-10
      1253.30  2.28786e-08  3.00000e-10
      1253.40  2.66020e-08  3.00000e-10
      1253.50  2.97812e-08  3.00000e-10
      1253.60  3.28718e-08  3.00000e-10
      1253.70  3.52608e-08  3.00000e-10
      1253.80  3.39818e-08  3.00000e-10
      1253.90  2.80070e-08  3.00000e-10
      1254.00  2.02567e-08  3.00000e-10
      1254.10  1.25269e-08  3.00000e-10
      1254.20  8.40533e-09  3.00000e-10
      1254.30  6.25286e-09  3.00000e-10
      1254.40  6.34187e-09  3.00000e-10
      1254.50  7.44188e-09  3.00000e-10
      1254.60  7.95029e-09  3.00000e-10
      1254.70  1.07397e-08  3.00000e-10
      1254.80  1.48025e-08  3.00000e-10
      1254.90  1.94901e-08  3.00000e-10
      1255.00  2.13382e-08  3.00000e-10
      1255.10  1.95845e-08  3.00000e-10
      1255.20  1.47985e-08  3.00000e-10
      1255.30  9.63827e-09  3.00000e-10
      1255.40  6.31522e-09  3.00000e-10
      1255.50  4.67189e-09  3.00000e-10
      1255.60  3.98888e-09  3.00000e-10
      1255.70  3.75468e-09  3.00000e-10
      1255.80  4.34746e-09  3.00000e-10
      1255.90  5.25770e-09  3.00000e-10
      1256.00  6.55497e-09  3.00000e-10
      1256.10  7.20485e-09  3.00000e-10
      1256.20  8.48121e-09  3.00000e-10
      1256.30  1.00761e-08  3.00000e-10
      1256.40  1.43744e-08  3.00000e-10
      1256.50  1.84233e-08  3.00000e-10
      1256.60  2.00485e-08  3.00000e-10
      1256.70  1.83597e-08  3.00000e-10
      1256.80  1.35894e-08  3.00000e-10
      1256.90  9.37616e-09  3.00000e-10
      1257.00  6.59650e-09  3.00000e-10
      1257.10  5.10499e-09  3.00000e-10
      1257.20  4.20400e-09  3.00000e-10
      1257.30  4.11345e-09  3.00000e-10
      1257.40  4.12698e-09  3.00000e-10
      1257.50  4.02616e-09  3.00000e-10
      1257.60  3.44634e-09  3.00000e-10
      1257.70  3.82320e-09  3.00000e-10
      1257.80  3.80309e-09  3.00000e-10
      1257.90  4.76014e-09  3.00000e-10
      1258.00  5.40930e-09  3.00000e-10
      1258.10  6.32338e-09  3.00000e-10
      1258.20  6.44492e-09  3.00000e-10
      1258.30  6.02286e-09  3.00000e-10
      1258.40  5.94153e-09  3.00000e-10
      1258.50  5.58363e-09  3.00000e-10
      1258.60  4.79833e-09  3.00000e-10
      1258.70  4.76820e-09  3.00000e-10
      1258.80  5.30319e-09  3.00000e-10
      1258.90  6.70319e-09  3.00000e-10
      1259.00  7.42612e-09  3.00000e-10
      1259.10  8.40930e-09  3.00000e-10
      1259.20  1.02245e-08  3.00000e-10
      1259.30  1.46652e-08  3.00000e-10
      1259.40  2.10405e-08  3.00000e-10
      1259.50  2.84221e-08  3.00000e-10
      1259.60  3.42059e-08  3.00000e-10
      1259.70  3.70757e-08  3.00000e-10
      1259.80  3.68257e-08  3.00000e-10
      1259.90  3.27188e-08  3.00000e-10
      1260.00  2.56133e-08  3.00000e-10
      1260.10  1.80824e-08  3.00000e-10
      1260.20  1.24509e-08  3.00000e-10
      1260.30  1.06090e-08  3.00000e-10
      1260.40  1.11766e-08  3.00000e-10
      1260.50  1.41411e-08  3.00000e-10
      1260.60  1.93809e-08  3.00000e-10
      1260.70  2.39061e-08  3.00000e-10
      1260.80  2.60614e-08  3.00000e-10
      1260.90  2.46660e-08  3.00000e-10
      1261.00  2.00522e-08  3.00000e-10
      1261.10  1.49686e-08  3.00000e-10
      1261.20  1.20188e-08  3.00000e-10
      1261.30  1.14835e-08  3.00000e-10
      1261.40  1.30745e-08  3.00000e-10
      1261.50  1.71807e-08  3.00000e-10
      1261.60  1.95992e-08  3.00000e-10
      1261.70  2.03705e-08  3.00000e-10
      1261.80  1.86389e-08  3.00000e-10
      1261.90  1.70044e-08  3.00000e-10
      1262.00  1.86693e-08  3.00000e-10
      1262.10  2.24891e-08  3.00000e-10
      1262.20  2.44220e-08  3.00000e-10
      1262.30  2.32667e-08  3.00000e-10
      1262.40  1.90155e-08  3.00000e-10
      1262.50  1.36905e-08  3.00000e-10
      1262.60  1.06212e-08  3.00000e-10
      1262.70  9.10626e-09  3.00000e-10
      1262.80  9.80982e-09  3.00000e-10
      1262.90  1.19573e-08  3.00000e-10
      1263.00  1.53945e-08  3.00000e-10
      1263.10  2.11935e-08  3.00000e-10
      1263.20  2.73209e-08  3.00000e-10
      1263.30  3.11530e-08  3.00000e-10
      1263.40  2.97080e-08  3.00000e-10
      1263.50  2.32625e-08  3.00000e-10
      1263.60  1.70545e-08  3.00000e-10
      1263.70  1.23242e-08  3.00000e-10
      1263.80  1.01700e-08  3.00000e-10
      1263.90  1.01014e-08  3.00000e-10
      1264.00  1.04584e-08  3.00000e-10
      1264.10  1.06990e-08  3.00000e-10
      1264.20  9.84018e-09  3.00000e-10
      1264.30  8.86505e-09  3.00000e-10
      1264.40  7.30846e-09  3.00000e-10
      1264.50  5.76183e-09  3.00000e-10
      1264.60  5.40063e-09  3.00000e-10
      1264.70  4.94322e-09  3.00000e-10
      1264.80  5.31031e-09  3.00000e-10
      1264.90  6.39616e-09  3.00000e-10
      1265.00  8.71776e-09  3.00000e-10
      1265.10  1.32873e-08  3.00000e-10
      1265.20  1.90654e-08  3.00000e-10
      1265.30  2.46249e-08  3.00000e-10
      1265.40  2.93352e-08  3.00000e-10
      1265.50  3.04601e-08  3.00000e-10
      1265.60  3.02038e-08  3.00000e-10
      1265.70  2.74690e-08  3.00000e-10
      1265.80  2.23595e-08  3.00000e-10
      1265.90  1.66403e-08  3.00000e-10
      1266.00  1.15117e-08  3.00000e-10
      1266.10  8.77273e-09  3.00000e-10
      1266.20  6.74112e-09  3.00000e-10
      1266.30  6.18111e-09  3.00000e-10
      1266.40  5.67840e-09  3.00000e-10
      1266.50  5.13444e-09  3.00000e-10
      1266.60  4.95776e-09  3.00000e-10
      1266.70  4.66826e-09  3.00000e-10
      1266.80  4.59010e-09  3.00000e-10
      1266.90  4.51538e-09  3.00000e-10
      1267.00  5.33241e-09  3.00000e-10
      1267.10  6.08872e-09  3.00000e-10
      1267.20  7.13844e-09  3.00000e-10
      1267.30  8.75503e-09  3.00000e-10
      1267.40  1.18695e-08  3.00000e-10
      1267.50  1.67188e-08  3.00000e-10
      1267.60  2.31987e-08  3.00000e-10
      1267.70  3.05606e-08  3.00000e-10
      1267.80  3.52309e-08  3.00000e-10
      1267.90  3.39415e-08  3.00000e-10
      1268.00  2.98708e-08  3.00000e-10
      1268.10  2.70628e-08  3.00000e-10
      1268.20  2.64992e-08  3.00000e-10
      1268.30  2.82450e-08  3.00000e-10
      1268.40  2.81906e-08  3.00000e-10
      1268.50  2.56649e-08  3.00000e-10
      1268.60  2.20995e-08  3.00000e-10
      1268.70  2.13422e-08  3.00000e-10
      1268.80  2.40420e-08  3.00000e-10
      1268.90  2.74652e-08  3.00000e-10
      1269.00  2.76271e-08  3.00000e-10
      1269.10  2.51894e-08  3.00000e-10
      1269.20  2.05236e-08  3.00000e-10
      1269.30  1.61115e-08  3.00000e-10
      1269.40  1.37501e-08  3.00000e-10
      1269.50  1.22964e-08  3.00000e-10
      1269.60  1.10731e-08  3.00000e-10
      1269.70  1.04937e-08  3.00000e-10
      1269.80  1.02203e-08  3.00000e-10
      1269.90  1.04902e-08  3.00000e-10
      1270.00  9.73709e-09  3.00000e-10
      1270.10  8.75755e-09  3.00000e-10
      1270.20  8.82074e-09  3.00000e-10
      1270.30  9.63177e-09  3.00000e-10
      1270.40  1.23241e-08  3.00000e-10
      1270.50  1.71799e-08  3.00000e-10
      1270.60  2.42503e-08  3.00000e-10
      1270.70  3.05489e-08  3.00000e-10
      1270.80  3.24916e-08  3.00000e-10
      1270.90  3.00459e-08  3.00000e-10
      1271.00  2.49098e-08  3.00000e-10
      1271.10  2.23219e-08  3.00000e-10
      1271.20  2.40818e-08  3.00000e-10
      1271.30  2.89689e-08  3.00000e-10
      1271.40  3.41740e-08  3.00000e-10
      1271.50  3.52117e-08  3.00000e-10
      1271.60  3.17817e-08  3.00000e-10
      1271.70  2.50165e-08  3.00000e-10
      1271.80  1.82133e-08  3.00000e-10
      1271.90  1.29303e-08  3.00000e-10
      1272.00  9.61807e-09  3.00000e-10
      1272.10  8.20114e-09  3.00000e-10
      1272.20  6.49597e-09  3.00000e-10
      1272.30  5.55254e-09  3.00000e-10
      1272.40  4.96228e-09  3.00000e-10
      1272.50  3.82502e-09  3.00000e-10
      1272.60  4.18565e-09  3.00000e-10
      1272.70  3.97414e-09  3.00000e-10
      1272.80  3.68919e-09  3.00000e-10
      1272.90  3.40889e-09  3.00000e-10
      1273.00  3.06742e-09  3.00000e-10
      1273.10  3.05104e-09  3.00000e-10
      1273.20  3.34503e-09  3.00000e-10
      1273.30  3.25196e-09  3.00000e-10
      1273.40  3.47776e-09  3.00000e-10
      1273.50  3.96664e-09  3.00000e-10
      1273.60  4.02757e-09  3.00000e-10
      1273.70  4.91420e-09  3.00000e-10
      1273.80  5.81591e-09  3.00000e-10
      1273.90  7.36066e-09  3.00000e-10
      1274.00  8.52334e-09  3.00000e-10
      1274.10  9.13400e-09  3.00000e-10
      1274.20  9.23213e-09  3.00000e-10
      1274.30  8.41686e-09  3.00000e-10
      1274.40  8.21105e-09  3.00000e-10
      1274.50  8.73434e-09  3.00000e-10
      1274.60  1.06005e-08  3.00000e-10
      1274.70  1.44542e-08  3.00000e-10
      1274.80  1.93278e-08  3.00000e-10
      1274.90  2.59732e-08  3.00000e-10
      1275.00  3.10459e-08  3.00000e-10
      1275.10  3.30946e-08  3.00000e-10
      1275.20  3.27529e-08  3.00000e-10
      1275.30  3.09617e-08  3.00000e-10
      1275.40  2.79648e-08  3.00000e-10
      1275.50  2.43004e-08  3.00000e-10
      1275.60  1.95846e-08  3.00000e-10
      1275.70  1.59638e-08  3.00000e-10
      1275.80  1.32137e-08  3.00000e-10
      1275.90  1.18222e-08  3.00000e-10
      1276.00  1.00658e-08  3.00000e-10
      1276.10  8.97399e-09  3.00000e-10
      1276.20  8.24689e-09  3.00000e-10
      1276.30  8.68833e-09  3.00000e-10
      1276.40  1.00355e-08  3.00000e-10
      1276.50  1.35973e-08  3.00000e-10
      1276.60  1.78255e-08  3.00000e-10
      1276.70  2.36761e-08  3.00000e-10
      1276.80  2.76554e-08  3.00000e-10
      1276.90  2.74724e-08  3.00000e-10
      1277.00  2.42899e-08  3.00000e-10
      1277.10  2.17129e-08  3.00000e-10
      1277.20  2.15540e-08  3.00000e-10
      1277.30  2.38888e-08  3.00000e-10
      1277.40  2.75809e-08  3.00000e-10
      1277.50  2.78814e-08  3.00000e-10
      1277.60  2.44194e-08  3.00000e-10
      1277.70  1.84161e-08  3.00000e-10
      1277.80  1.32547e-08  3.00000e-10
      1277.90  9.29552e-09  3.00000e-10
      1278.00  7.59999e-09  3.00000e-10
      1278.10  6.38809e-09  3.00000e-10
      1278.20  5.22801e-09  3.00000e-10
      1278.30  4.57940e-09  3.00000e-10
      1278.40  4.56522e-09  3.00000e-10
      1278.50  4.34522e-09  3.00000e-10
      1278.60  4.06397e-09  3.00000e-10
      1278.70  4.09997e-09  3.00000e-10
      1278.80  3.30257e-09  3.00000e-10
      1278.90  3.39079e-09  3.00000e-10
      1279.00  3.36562e-09  3.00000e-10
      1279.10  3.38403e-09  3.00000e-10
      1279.20  4.29656e-09  3.00000e-10
      1279.30  4.39436e-09  3.00000e-10
      1279.40  5.31606e-09  3.00000e-10
      1279.50  7.34234e-09  3.00000e-10
      1279.60  8.42973e-09  3.00000e-10
      1279.70  8.46946e-09  3.00000e-10
      1279.80  8.64525e-09  3.00000e-10
      1279.90  9.18064e-09  3.00000e-10
      1280.00  9.60438e-09  3.00000e-10
      1280.10  1.05010e-08  3.00000e-10
      1280.20  9.54520e-09  3.00000e-10
      1280.30  8.50976e-09  3.00000e-10
      1280.40  7.41968e-09  3.00000e-10
      1280.50  7.55952e-09  3.00000e-10
      1280.60  8.09197e-09  3.00000e-10
      1280.70  9.06043e-09  3.00000e-10
      1280.80  9.48934e-09  3.00000e-10
      1280.90  9.60768e-09  3.00000e-10
      1281.00  1.09152e-08  3.00000e-10
      1281.10  1.19613e-08  3.00000e-10
      1281.20  1.45624e-08  3.00000e-10
      1281.30  1.73105e-08  3.00000e-10
      1281.40  2.11418e-08  3.00000e-10
      1281.50  2.55867e-08  3.00000e-10
      1281.60  2.77236e-08  3.00000e-10
      1281.70  2.61398e-08  3.00000e-10
      1281.80  2.09335e-08  3.00000e-10
      1281.90  1.60103e-08  3.00000e-10
      1282.00  1.23609e-08  3.00000e-10
      1282.10  1.14394e-08  3.00000e-10
      1282.20  1.18292e-08  3.00000e-10
      1282.30  1.42020e-08  3.00000e-10
      1282.40  1.80138e-08  3.00000e-10
      1282.50  2.31631e-08  3.00000e-10
      1282.60  2.71227e-08  3.00000e-10
      1282.70  2.97641e-08  3.00000e-10
      1282.80  3.15919e-08  3.00000e-10
      1282.90  3.26353e-08  3.00000e-10
      1283.00  3.37619e-08  3.00000e-10
      1283.10  3.34178e-08  3.00000e-10
      1283.20  3.40256e-08  3.00000e-10
      1283.30  3.54308e-08  3.00000e-10
      1283.40  3.70352e-08  3.00000e-10
      1283.50  3.49871e-08  3.00000e-10
      1283.60  2.89762e-08  3.00000e-10
      1283.70  2.20387e-08  3.00000e-10
      1283.80  1.59383e-08  3.00000e-10
      1283.90  1.16049e-08  3.00000e-10
      1284.00  9.25388e-09  3.00000e-10
      1284.10  8.00240e-09  3.00000e-10
      1284.20  7.33908e-09  3.00000e-10
      1284.30  7.01242e-09  3.00000e-10
      1284.40  6.56470e-09  3.00000e-10
      1284.50  6.29873e-09  3.00000e-10
      1284.60  5.61998e-09  3.00000e-10
      1284.70  5.42170e-09  3.00000e-10
      1284.80  4.81909e-09  3.00000e-10
      1284.90  4.94789e-09  3.00000e-10
      1285.00  5.14581e-09  3.00000e-10
      1285.10  6.22232e-09  3.00000e-10
      1285.20  6.95720e-09  3.00000e-10
      1285.30  6.90614e-09  3.00000e-10
      1285.40  7.05151e-09  3.00000e-10
      1285.50  5.91421e-09  3.00000e-10
      1285.60  5.18311e-09  3.00000e-10
      1285.70  4.28081e-09  3.00000e-10
      1285.80  4.18958e-09  3.00000e-10
      1285.90  3.90196e-09  3.00000e-10
      1286.00  4.39168e-09  3.00000e-10
      1286.10  5.34561e-09  3.00000e-10
      1286.20  6.30183e-09  3.00000e-10
      1286.30  8.55269e-09  3.00000e-10
      1286.40  1.22150e-08  3.00000e-10
      1286.50  1.50718e-08  3.00000e-10
      1286.60  1.59379e-08  3.00000e-10
      1286.70  1.46077e-08  3.00000e-10
      1286.80  1.17959e-08  3.00000e-10
      1286.90  9.66879e-09  3.00000e-10
      1287.00  8.50044e-09  3.00000e-10
      1287.10  7.93933e-09  3.00000e-10
      1287.20  8.72601e-09  3.00000e-10
      1287.30  1.01693e-08  3.00000e-10
      1287.40  1.25491e-08  3.00000e-10
      1287.50  1.74977e-08  3.00000e-10
      1287.60  2.44345e-08  3.00000e-10
      1287.70  3.07453e-08  3.00000e-10
      1287.80  3.35302e-08  3.00000e-10
      1287.90  3.19383e-08  3.00000e-10
      1288.00  2.67921e-08  3.00000e-10
      1288.10  2.32116e-08  3.00000e-10
      1288.20  2.26684e-08  3.00000e-10
      1288.30  2.46601e-08  3.00000e-10
      1288.40  2.73226e-08  3.00000e-10
      1288.50  2.81093e-08  3.00000e-10
      1288.60  2.73101e-08  3.00000e-10
      1288.70  2.59359e-08  3.00000e-10
      1288.80  2.68453e-08  3.00000e-10
      1288.90  2.84009e-08  3.00000e-10
      1289.00  2.65733e-08  3.00000e-10
      1289.10  2.28682e-08  3.00000e-10
      1289.20  1.76687e-08  3.00000e-10
      1289.30  1.32453e-08  3.00000e-10
      1289.40  1.21696e-08  3.00000e-10
      1289.50  1.27908e-08  3.00000e-10
      1289.60  1.44650e-08  3.00000e-10
      1289.70  1.57753e-08  3.00000e-10
      1289.80  1.48976e-08  3.00000e-10
      1289.90  1.28894e-08  3.00000e-10
      1290.00  1.11014e-08  3.00000e-10
      1290.10  9.52186e-09  3.00000e-10
      1290.20  7.36452e-09  3.00000e-10
      1290.30  6.98871e-09  3.00000e-10
      1290.40  6.16783e-09  3.00000e-10
      1290.50  6.69007e-09  3.00000e-10
      1290.60  7.42806e-09  3.00000e-10
      1290.70  7.60547e-09  3.00000e-10
      1290.80  6.74337e-09  3.00000e-10
      1290.90  5.53607e-09  3.00000e-10
      1291.00  4.79069e-09  3.00000e-10
      1291.10  4.35713e-09  3.00000e-10
      1291.20  3.72307e-09  3.00000e-10
      1291.30  4.14990e-09  3.00000e-10
      1291.40  3.90158e-09  3.00000e-10
      1291.50  3.87994e-09  3.00000e-10
      1291.60  4.36644e-09  3.00000e-10
      1291.70  4.82034e-09  3.00000e-10
      1291.80  5.86847e-09  3.00000e-10
      1291.90  7.43141e-09  3.00000e-10
      1292.00  8.00826e-09  3.00000e-10
      1292.10  9.16352e-09  3.00000e-10
      1292.20  1.06350e-08  3.00000e-10
      1292.30  1.28025e-08  3.00000e-10
      1292.40  1.60533e-08  3.00000e-10
      1292.50  2.06612e-08  3.00000e-10
      1292.60  2.37797e-08  3.00000e-10
      1292.70  2.29010e-08  3.00000e-10
      1292.80  1.86547e-08  3.00000e-10
      1292.90  1.35027e-08  3.00000e-10
      1293.00  9.06754e-09  3.00000e-10
      1293.10  7.78562e-09  3.00000e-10
      1293.20  7.96551e-09  3.00000e-10
      1293.30  1.00086e-08  3.00000e-10
      1293.40  1.24952e-08  3.00000e-10
      1293.50  1.46736e-08  3.00000e-10
      1293.60  1.59340e-08  3.00000e-10
      1293.70  1.55158e-08  3.00000e-10
      1293.80  1.44288e-08  3.00000e-10
      1293.90  1.37460e-08  3.00000e-10
      1294.00  1.42046e-08  3.00000e-10
      1294.10  1.69650e-08  3.00000e-10
      1294.20  2.11775e-08  3.00000e-10
      1294.30  2.49203e-08  3.00000e-10
      1294.40  2.74000e-08  3.00000e-10
      1294.50  2.83313e-08  3.00000e-10
      1294.60  2.77299e-08  3.00000e-10
      1294.70  2.54622e-08  3.00000e-10
      1294.80  2.31519e-08  3.00000e-10
      1294.90  2.06748e-08  3.00000e-10
      1295.00  2.03479e-08  3.00000e-10
      1295.10  2.26038e-08  3.00000e-10
      1295.20  2.48966e-08  3.00000e-10
      1295.30  2.56852e-08  3.00000e-10
      1295.40  2.39333e-08  3.00000e-10
      1295.50  2.08090e-08  3.00000e-10
      1295.60  1.84046e-08  3.00000e-10
      1295.70  1.69419e-08  3.00000e-10
      1295.80  1.58797e-08  3.00000e-10
      1295.90  1.47240e-08  3.00000e-10
      1296.00  1.36336e-08  3.00000e-10
      1296.10  1.34710e-08  3.00000e-10
      1296.20  1.34546e-08  3.00000e-10
      1296.30  1.22939e-08  3.00000e-10
      1296.40  1.25540e-08  3.00000e-10
      1296.50  1.21384e-08  3.00000e-10
      1296.60  1.19537e-08  3.00000e-10
      1296.70  1.24827e-08  3.00000e-10
      1296.80  1.30124e-08  3.00000e-10
      1296.90  1.27207e-08  3.00000e-10
      1297.00  1.39469e-08  3.00000e-10
      1297.10  1.42297e-08  3.00000e-10
      1297.20  1.75410e-08  3.00000e-10
      1297.30  2.40708e-08  3.00000e-10
      1297.40  3.17975e-08  3.00000e-10
      1297.50  3.86785e-08  3.00000e-10
      1297.60  4.21295e-08  3.00000e-10
      1297.70  4.14588e-08  3.00000e-10
      1297.80  3.72600e-08  3.00000e-10
      1297.90  3.18577e-08  3.00000e-10
      1298.00  2.72111e-08  3.00000e-10
      1298.10  2.41285e-08  3.00000e-10
      1298.20  2.12872e-08  3.00000e-10
      1298.30  1.89702e-08  3.00000e-10
      1298.40  1.63545e-08  3.00000e-10
      1298.50  1.31854e-08  3.00000e-10
      1298.60  1.04117e-08  3.00000e-10
      1298.70  8.14712e-09  3.00000e-10
      1298.80  6.56551e-09  3.00000e-10
      1298.90  6.49946e-09  3.00000e-10
      1299.00  6.56591e-09  3.00000e-10
      1299.10  6.98243e-09  3.00000e-10
      1299.20  8.83139e-09  3.00000e-10
      1299.30  1.10964e-08  3.00000e-10
      1299.40  1.56999e-08  3.00000e-10
      1299.50  2.18863e-08  3.00000e-10
      1299.60  2.75178e-08  3.00000e-10
      1299.70  3.19093e-08  3.00000e-10
      1299.80  3.34515e-08  3.00000e-10
      1299.90  3.23551e-08  3.00000e-10
      1300.00  2.97067e-08  3.00000e-10
      1300.10  2.68230e-08  3.00000e-10
      1300.20  2.54854e-08  3.00000e-10
      1300.30  2.46235e-08  3.00000e-10
      1300.40  2.31741e-08  3.00000e-10
      1300.50  2.01848e-08  3.00000e-10
      1300.60  1.60201e-08  3.00000e-10
      1300.70  1.26311e-08  3.00000e-10
      1300.80  1.04170e-08  3.00000e-10
      1300.90  1.00663e-08  3.00000e-10
      1301.00  1.19338e-08  3.00000e-10
      1301.10  1.63362e-08  3.00000e-10
      1301.20  2.29070e-08  3.00000e-10
      1301.30  3.00953e-08  3.00000e-10
      1301.40  3.65574e-08  3.00000e-10
      1301.50  3.96933e-08  3.00000e-10
      1301.60  3.93990e-08  3.00000e-10
      1301.70  3.78192e-08  3.00000e-10
      1301.80  3.63470e-08  3.00000e-10
      1301.90  3.74920e-08  3.00000e-10
      1302.00  3.70598e-08  3.00000e-10
      1302.10  3.37668e-08  3.00000e-10
      1302.20  2.89189e-08  3.00000e-10
      1302.30  2.39373e-08  3.00000e-10
      1302.40  2.28135e-08  3.00000e-10
      1302.50  2.50257e-08  3.00000e-10
      1302.60  3.12517e-08  3.00000e-10
      1302.70  3.80723e-08  3.00000e-10
      1302.80  4.22723e-08  3.00000e-10
      1302.90  4.17469e-08  3.00000e-10
      1303.00  3.92390e-08  3.00000e-10
      1303.10  3.72884e-08  3.00000e-10
      1303.20  3.84577e-08  3.00000e-10
      1303.30  4.23622e-08  3.00000e-10
      1303.40  4.80942e-08  3.00000e-10
      1303.50  5.34150e-08  3.00000e-10
      1303.60  5.53810e-08  3.00000e-10
      1303.70  5.35330e-08  3.00000e-10
      1303.80  4.87011e-08  3.00000e-10
      1303.90  4.29660e-08  3.00000e-10
      1304.00  3.97673e-08  3.00000e-10
      1304.10  3.88861e-08  3.00000e-10
      1304.20  4.08471e-08  3.00000e-10
      1304.30  4.30957e-08  3.00000e-10
      1304.40  4.49461e-08  3.00000e-10
      1304.50  4.64790e-08  3.00000e-10
      1304.60  4.77890e-08  3.00000e-10
      1304.70  4.83592e-08  3.00000e-10
      1304.80  5.01386e-08  3.00000e-10
      1304.90  5.16832e-08  3.00000e-10
      1305.00  5.17092e-08  3.00000e-10
      1305.10  5.01353e-08  3.00000e-10
      1305.20  4.98793e-08  3.00000e-10
      1305.30  5.20526e-08  3.00000e-10
      1305.40  5.68830e-08  3.00000e-10
      1305.50  6.33851e-08  3.00000e-10
      1305.60  6.94154e-08  3.00000e-10
      1305.70  7.39430e-08  3.00000e-10
      1305.80  7.76329e-08  3.00000e-10
      1305.90  8.06007e-08  3.00000e-10
      1306.00  8.37386e-08  3.00000e-10
      1306.10  8.33665e-08  3.00000e-10
      1306.20  7.86159e-08  3.00000e-10
      1306.30  6.81739e-08  3.00000e-10
      1306.40  5.52065e-08  3.00000e-10
      1306.50  4.22655e-08  3.00000e-10
      1306.60  3.13960e-08  3.00000e-10
      1306.70  2.30638e-08  3.00000e-10
      1306.80  1.79429e-08  3.00000e-10
      1306.90  1.45195e-08  3.00000e-10
      1307.00  1.20931e-08  3.00000e-10
      1307.10  1.06175e-08  3.00000e-10
      1307.20  9.11844e-09  3.00000e-10
      1307.30  8.31454e-09  3.00000e-10
      1307.40  7.25160e-09  3.00000e-10
      1307.50  6.79272e-09  3.00000e-10
      1307.60  6.12389e-09  3.00000e-10
      1307.70  6.00759e-09  3.00000e-10
      1307.80  5.63019e-09  3.00000e-10
      1307.90  5.22008e-09  3.00000e-10
      1308.00  5.16634e-09  3.00000e-10
      1308.10  5.03645e-09  3.00000e-10
      1308.20  5.58443e-09  3.00000e-10
      1308.30  5.91659e-09  3.00000e-10
      1308.40  6.91102e-09  3.00000e-10
      1308.50  7.74656e-09  3.00000e-10
      1308.60  7.36785e-09  3.00000e-10
      1308.70  6.49131e-09  3.00000e-10
      1308.80  5.50368e-09  3.00000e-10
      1308.90  4.66455e-09  3.00000e-10
      1309.00  4.67120e-09  3.00000e-10
      1309.10  3.95690e-09  3.00000e-10
      1309.20  4.09223e-09  3.00000e-10
      1309.30  4.42368e-09  3.00000e-10
      1309.40  4.10316e-09  3.00000e-10
      1309.50  4.02604e-09  3.00000e-10
      1309.60  4.10755e-09  3.00000e-10
      1309.70  3.87399e-09  3.00000e-10
      1309.80  3.69739e-09  3.00000e-10
      1309.90  3.86144e-09  3.00000e-10
      1310.00  3.38821e-09  3.00000e-10
      1310.10  3.70136e-09  3.00000e-10
      1310.20  3.48642e-09  3.00000e-10
      1310.30  4.02712e-09  3.00000e-10
      1310.40  4.12709e-09  3.00000e-10
      1310.50  4.73297e-09  3.00000e-10
      1310.60  5.02656e-09  3.00000e-10
      1310.70  5.40309e-09  3.00000e-10
      1310.80  6.02336e-09  3.00000e-10
      1310.90  7.29522e-09  3.00000e-10
      1311.00  9.35871e-09  3.00000e-10
      1311.10  1.25985e-08  3.00000e-10
      1311.20  1.70699e-08  3.00000e-10
      1311.30  2.21262e-08  3.00000e-10
      1311.40  2.53183e-08  3.00000e-10
      1311.50  2.48574e-08  3.00000e-10
      1311.60  2.10909e-08  3.00000e-10
      1311.70  1.60389e-08  3.00000e-10
      1311.80  1.15924e-08  3.00000e-10
      1311.90  9.17715e-09  3.00000e-10
      1312.00  7.01807e-09  3.00000e-10
      1312.10  5.62957e-09  3.00000e-10
      1312.20  5.14796e-09  3.00000e-10
      1312.30  4.18747e-09  3.00000e-10
      1312.40  3.60149e-09  3.00000e-10
      1312.50  3.76071e-09  3.00000e-10
      1312.60  3.30577e-09  3.00000e-10
      1312.70  2.83854e-09  3.00000e-10
      1312.80  2.96168e-09  3.00000e-10
      1312.90  2.69006e-09  3.00000e-10
      1313.00  2.94934e-09  3.00000e-10
      1313.10  2.73135e-09  3.00000e-10
      1313.20  3.18147e-09  3.00000e-10
      1313.30  3.48325e-09  3.00000e-10
      1313.40  4.41398e-09  3.00000e-10
      1313.50  5.33183e-09  3.00000e-10
      1313.60  7.30275e-09  3.00000e-10
      1313.70  8.22897e-09  3.00000e-10
      1313.80  8.44421e-09  3.00000e-10
      1313.90  7.27488e-09  3.00000e-10
      1314.00  5.48871e-09  3.00000e-10
      1314.10  4.25961e-09  3.00000e-10
      1314.20  3.42995e-09  3.00000e-10
      1314.30  3.29963e-09  3.00000e-10
      1314.40  2.91343e-09  3.00000e-10
      1314.50  2.83269e-09  3.00000e-10
      1314.60  3.19017e-09  3.00000e-10
      1314.70  2.75210e-09  3.00000e-10
      1314.80  2.43077e-09  3.00000e-10
      1314.90  2.38194e-09  3.00000e-10
      1315.00  2.77458e-09  3.00000e-10
      1315.10  2.23579e-09  3.00000e-10
      1315.20  2.37972e-09  3.00000e-10
      1315.30  3.09519e-09  3.00000e-10
      1315.40  2.76018e-09  3.00000e-10
      1315.50  2.95914e-09  3.00000e-10
      1315.60  2.97720e-09  3.00000e-10
      1315.70  3.48752e-09  3.00000e-10
      1315.80  3.71405e-09  3.00000e-10
      1315.90  4.01789e-09  3.00000e-10
      1316.00  4.30293e-09  3.00000e-10
      1316.10  4.92136e-09  3.00000e-10
      1316.20  6.21306e-09  3.00000e-10
      1316.30  7.23769e-09  3.00000e-10
      1316.40  9.83637e-09  3.00000e-10
      1316.50  1.25790e-08  3.00000e-10
      1316.60  1.72167e-08  3.00000e-10
      1316.70  2.15490e-08  3.00000e-10
      1316.80  2.44152e-08  3.00000e-10
      1316.90  2.33997e-08  3.00000e-10
      1317.00  1.91829e-08  3.00000e-10
      1317.10  1.47295e-08  3.00000e-10
      1317.20  1.03166e-08  3.00000e-10
      1317.30  7.92475e-09  3.00000e-10
      1317.40  6.14037e-09  3.00000e-10
      1317.50  4.90218e-09  3.00000e-10
      1317.60  4.61773e-09  3.00000e-10
      1317.70  4.01033e-09  3.00000e-10
      1317.80  3.94131e-09  3.00000e-10
      1317.90  3.03480e-09  3.00000e-10
      1318.00  3.36461e-09  3.00000e-10
      1318.10  3.56369e-09  3.00000e-10
      1318.20  3.58129e-09  3.00000e-10
      1318.30  4.45506e-09  3.00000e-10
      1318.40  5.91396e-09  3.00000e-10
      1318.50  7.48436e-09  3.00000e-10
      1318.60  9.36857e-09  3.00000e-10
      1318.70  1.07333e-08  3.00000e-10
      1318.80  1.13400e-08  3.00000e-10
      1318.90  1.07409e-08  3.00000e-10
      1319.00  8.86215e-09  3.00000e-10
      1319.10  7.11116e-09  3.00000e-10
      1319.20  4.94886e-09  3.00000e-10
      1319.30  4.24201e-09  3.00000e-10
      1319.40  2.95302e-09  3.00000e-10
      1319.50  2.94804e-09  3.00000e-10
      1319.60  2.69162e-09  3.00000e-10
      1319.70  3.56129e-09  3.00000e-10
      1319.80  4.25916e-09  3.00000e-10
      1319.90  4.23890e-09  3.00000e-10
      1320.00  4.16542e-09  3.00000e-10
      1320.10  3.69991e-09  3.00000e-10
      1320.20  3.37575e-09  3.00000e-10
      1320.30  3.40628e-09  3.00000e-10
      1320.40  3.82926e-09  3.00000e-10
      1320.50  3.50057e-09  3.00000e-10
      1320.60  3.58997e-09  3.00000e-10
      1320.70  3.92288e-09  3.00000e-10
      1320.80  4.11316e-09  3.00000e-10
      1320.90  4.28353e-09  3.00000e-10
      1321.00  4.84367e-09  3.00000e-10
      1321.10  5.13659e-09  3.00000e-10
      1321.20  5.56520e-09  3.00000e-10
      1321.30  5.93033e-09  3.00000e-10
      1321.40  6.54419e-09  3.00000e-10
      1321.50  6.99401e-09  3.00000e-10
      1321.60  8.95717e-09  3.00000e-10
      1321.70  1.23036e-08  3.00000e-10
      1321.80  1.69382e-08  3.00000e-10
      1321.90  2.39145e-08  3.00000e-10
      1322.00  3.07746e-08  3.00000e-10
      1322.10  3.41218e-08  3.00000e-10
      1322.20  3.21680e-08  3.00000e-10
      1322.30  2.55215e-08  3.00000e-10
      1322.40  1.84280e-08  3.00000e-10
      1322.50  1.30480e-08  3.00000e-10
      1322.60  9.58353e-09  3.00000e-10
      1322.70  7.87723e-09  3.00000e-10
      1322.80  6.71850e-09  3.00000e-10
      1322.90  6.01055e-09  3.00000e-10
      1323.00  5.84436e-09  3.00000e-10
      1323.10  5.62082e-09  3.00000e-10
      1323.20  5.44556e-09  3.00000e-10
      1323.30  6.27764e-09  3.00000e-10
      1323.40  6.93715e-09  3.00000e-10
      1323.50  7.73487e-09  3.00000e-10
      1323.60  8.85952e-09  3.00000e-10
      1323.70  8.57191e-09  3.00000e-10
      1323.80  9.36524e-09  3.00000e-10
      1323.90  1.03172e-08  3.00000e-10
      1324.00  1.05539e-08  3.00000e-10
      1324.10  1.02890e-08  3.00000e-10
      1324.20  9.02243e-09  3.00000e-10
      1324.30  7.64815e-09  3.00000e-10
      1324.40  6.03264e-09  3.00000e-10
      1324.50  5.30058e-09  3.00000e-10
      1324.60  4.29059e-09  3.00000e-10
      1324.70  4.19145e-09  3.00000e-10
      1324.80  4.67234e-09  3.00000e-10
      1324.90  4.39475e-09  3.00000e-10
      1325.00  4.48809e-09  3.00000e-10
      1325.10  4.37725e-09  3.00000e-10
      1325.20  3.74707e-09  3.00000e-10
      1325.30  4.32316e-09  3.00000e-10
      1325.40  4.19357e-09  3.00000e-10
      1325.50  4.18987e-09  3.00000e-10
      1325.60  4.70774e-09  3.00000e-10
      1325.70  4.71491e-09  3.00000e-10
      1325.80  4.61013e-09  3.00000e-10
      1325.90  5.13671e-09  3.00000e-10
      1326.00  5.38307e-09  3.00000e-10
      1326.10  5.76898e-09  3.00000e-10
      1326.20  6.15222e-09  3.00000e-10
      1326.30  6.43314e-09  3.00000e-10
      1326.40  7.31535e-09  3.00000e-10
      1326.50  8.45013e-09  3.00000e-10
      1326.60  1.06430e-08  3.00000e-10
      1326.70  1.37188e-08  3.00000e-10
      1326.80  1.96282e-08  3.00000e-10
      1326.90  2.90602e-08  3.00000e-10
      1327.00  3.82239e-08  3.00000e-10
      1327.10  4.53313e-08  3.00000e-10
      1327.20  4.87820e-08  3.00000e-10
      1327.30  4.63405e-08  3.00000e-10
      1327.40  4.09596e-08  3.00000e-10
      1327.50  3.30911e-08  3.00000e-10
      1327.60  2.42291e-08  3.00000e-10
      1327.70  1.73444e-08  3.00000e-10
      1327.80  1.34510e-08  3.00000e-10
      1327.90  1.05601e-08  3.00000e-10
      1328.00  8.57280e-09  3.00000e-10
      1328.10  7.98176e-09  3.00000e-10
      1328.20  8.63276e-09  3.00000e-10
      1328.30  8.42357e-09  3.00000e-10
      1328.40  8.67656e-09  3.00000e-10
      1328.50  8.16910e-09  3.00000e-10
      1328.60  7.24291e-09  3.00000e-10
      1328.70  6.72466e-09  3.00000e-10
      1328.80  7.01422e-09  3.00000e-10
      1328.90  7.39839e-09  3.00000e-10
      1329.00  7.72780e-09  3.00000e-10
      1329.10  8.62518e-09  3.00000e-10
      1329.20  7.76917e-09  3.00000e-10
      1329.30  7.75789e-09  3.00000e-10
      1329.40  6.37340e-09  3.00000e-10
      1329.50  5.62207e-09  3.00000e-10
      1329.60  5.11606e-09  3.00000e-10
      1329.70  5.15010e-09  3.00000e-10
      1329.80  4.93632e-09  3.00000e-10
      1329.90  4.71771e-09  3.00000e-10
      1330.00  4.31767e-09  3.00000e-10
      1330.10  4.25181e-09  3.00000e-10
      1330.20  3.66475e-09  3.00000e-10
      1330.30  3.87945e-09  3.00000e-10
      1330.40  3.99730e-09  3.00000e-10
      1330.50  3.96631e-09  3.00000e-10
      1330.60  4.19726e-09  3.00000e-10
      1330.70  4.26398e-09  3.00000e-10
      1330.80  4.32220e-09  3.00000e-10
      1330.90  4.59645e-09  3.00000e-10
      1331.00  5.33115e-09  3.00000e-10
      1331.10  6.34649e-09  3.00000e-10
      1331.20  6.62167e-09  3.00000e-10
      1331.30  6.63634e-09  3.00000e-10
      1331.40  6.89559e-09  3.00000e-10
      1331.50  7.60247e-09  3.00000e-10
      1331.60  9.56130e-09  3.00000e-10
      1331.70  1.16965e-08  3.00000e-10
      1331.80  1.52448e-08  3.00000e-10
      1331.90  2.08969e-08  3.00000e-10
      1332.00  2.59415e-08  3.00000e-10
      1332.10  2.99306e-08  3.00000e-10
      1332.20  3.25944e-08  3.00000e-10
      1332.30  3.52384e-08  3.00000e-10
      1332.40  4.01187e-08  3.00000e-10
      1332.50  4.51689e-08  3.00000e-10
      1332.60  4.71217e-08  3.00000e-10
      1332.70  4.47551e-08  3.00000e-10
      1332.80  3.80139e-08  3.00000e-10
      1332.90  2.86987e-08  3.00000e-10
      1333.00  2.10342e-08  3.00000e-10
      1333.10  1.57348e-08  3.00000e-10
      1333.20  1.18068e-08  3.00000e-10
      1333.30  9.63950e-09  3.00000e-10
      1333.40  8.58075e-09  3.00000e-10
      1333.50  7.33255e-09  3.00000e-10
      1333.60  6.68133e-09  3.00000e-10
      1333.70  6.55264e-09  3.00000e-10
      1333.80  6.96256e-09  3.00000e-10
      1333.90  7.70401e-09  3.00000e-10
      1334.00  8.57313e-09  3.00000e-10
      1334.10  9.81161e-09  3.00000e-10
      1334.20  8.79059e-09  3.00000e-10
      1334.30  7.81440e-09  3.00000e-10
      1334.40  6.62671e-09  3.00000e-10
      1334.50  5.33434e-09  3.00000e-10
      1334.60  4.44716e-09  3.00000e-10
      1334.70  4.78635e-09  3.00000e-10
      1334.80  4.70837e-09  3.00000e-10
      1334.90  4.79554e-09  3.00000e-10
      1335.00  5.03607e-09  3.00000e-10
      1335.10  5.05514e-09  3.00000e-10
      1335.20  4.78699e-09  3.00000e-10
      1335.30  4.91275e-09  3.00000e-10
      1335.40  5.64478e-09  3.00000e-10
      1335.50  5.60384e-09  3.00000e-10
      1335.60  5.33225e-09  3.00000e-10
      1335.70  4.84349e-09  3.00000e-10
      1335.80  4.84553e-09  3.00000e-10
      1335.90  4.54880e-09  3.00000e-10
      1336.00  4.95796e-09  3.00000e-10
      1336.10  4.95684e-09  3.00000e-10
      1336.20  5.36727e-09  3.00000e-10
      1336.30  6.18947e-09  3.00000e-10
      1336.40  7.62472e-09  3.00000e-10
      1336.50  9.40064e-09  3.00000e-10
      1336.60  1.24136e-08  3.00000e-10
      1336.70  1.69992e-08  3.00000e-10
      1336.80  2.31872e-08  3.00000e-10
      1336.90  2.92742e-08  3.00000e-10
      1337.00  3.16621e-08  3.00000e-10
      1337.10  2.97963e-08  3.00000e-10
      1337.20  2.53096e-08  3.00000e-10
      1337.30  2.28349e-08  3.00000e-10
      1337.40  2.37392e-08  3.00000e-10
      1337.50  2.76783e-08  3.00000e-10
      1337.60  3.17423e-08  3.00000e-10
      1337.70  3.37886e-08  3.00000e-10
      1337.80  3.16963e-08  3.00000e-10
      1337.90  2.69871e-08  3.00000e-10
      1338.00  2.09022e-08  3.00000e-10
      1338.10  1.52897e-08  3.00000e-10
      1338.20  1.16852e-08  3.00000e-10
      1338.30  9.69245e-09  3.00000e-10
      1338.40  8.62642e-09  3.00000e-10
      1338.50  7.87072e-09  3.00000e-10
      1338.60  7.38399e-09  3.00000e-10
      1338.70  6.95962e-09  3.00000e-10
      1338.80  6.18088e-09  3.00000e-10
      1338.90  5.62595e-09  3.00000e-10
      1339.00  5.10945e-09  3.00000e-10
      1339.10  5.89446e-09  3.00000e-10
      1339.20  5.63748e-09  3.00000e-10
      1339.30  6.05054e-09  3.00000e-10
      1339.40  5.01754e-09  3.00000e-10
      1339.50  4.50098e-09  3.00000e-10
      1339.60  4.11316e-09  3.00000e-10
      1339.70  4.47012e-09  3.00000e-10
      1339.80  5.11278e-09  3.00000e-10
      1339.90  5.29385e-09  3.00000e-10
      1340.00  5.10192e-09  3.00000e-10
      1340.10  5.46063e-09  3.00000e-10
      1340.20  5.85675e-09  3.00000e-10
      1340.30  6.16836e-09  3.00000e-10
      1340.40  6.04004e-09  3.00000e-10
      1340.50  5.17605e-09  3.00000e-10
      1340.60  5.44520e-09  3.00000e-10
      1340.70  5.02598e-09  3.00000e-10
      1340.80  4.54807e-09  3.00000e-10
      1340.90  4.96656e-09  3.00000e-10
      1341.00  5.63086e-09  3.00000e-10
      1341.10  6.55263e-09  3.00000e-10
      1341.20  8.38999e-09  3.00000e-10
      1341.30  1.24777e-08  3.00000e-10
      1341.40  1.94913e-08  3.00000e-10
      1341.50  2.76948e-08  3.00000e-10
      1341.60  3.56391e-08  3.00000e-10
      1341.70  3.98784e-08  3.00000e-10
      1341.80  4.00157e-08  3.00000e-10
      1341.90  3.62686e-08  3.00000e-10
      1342.00  2.99256e-08  3.00000e-10
      1342.10  2.37442e-08  3.00000e-10
      1342.20  1.88087e-08  3.00000e-10
      1342.30  1.71767e-08  3.00000e-10
      1342.40  2.00710e-08  3.00000e-10
      1342.50  2.57341e-08  3.00000e-10
      1342.60  3.24753e-08  3.00000e-10
      1342.70  3.77255e-08  3.00000e-10
      1342.80  3.89644e-08  3.00000e-10
      1342.90  3.65961e-08  3.00000e-10
      1343.00  3.05571e-08  3.00000e-10
      1343.10  2.29011e-08  3.00000e-10
      1343.20  1.58518e-08  3.00000e-10
      1343.30  1.12983e-08  3.00000e-10
      1343.40  8.80237e-09  3.00000e-10
      1343.50  7.21787e-09  3.00000e-10
      1343.60  6.98440e-09  3.00000e-10
      1343.70  6.37403e-09  3.00000e-10
      1343.80  6.22239e-09  3.00000e-10
      1343.90  6.41295e-09  3.00000e-10
      1344.00  6.57935e-09  3.00000e-10
      1344.10  6.83910e-09  3.00000e-10
      1344.20  6.73607e-09  3.00000e-10
      1344.30  6.17854e-09  3.00000e-10
      1344.40  4.93336e-09  3.00000e-10
      1344.50  4.35090e-09  3.00000e-10
      1344.60  4.15291e-09  3.00000e-10
      1344.70  3.73318e-09  3.00000e-10
      1344.80  3.47741e-09  3.00000e-10
      1344.90  3.32623e-09  3.00000e-10
      1345.00  3.74130e-09  3.00000e-10
      1345.10  3.88402e-09  3.00000e-10
      1345.20  4.74586e-09  3.00000e-10
      1345.30  4.53760e-09  3.00000e-10
      1345.40  4.45977e-09  3.00000e-10
      1345.50  4.01790e-09  3.00000e-10
      1345.60  3.87237e-09  3.00000e-10
      1345.70  4.01814e-09  3.00000e-10
      1345.80  4.27526e-09  3.00000e-10
      1345.90  5.72178e-09  3.00000e-10
      1346.00  8.49512e-09  3.00000e-10
      1346.10  1.20959e-08  3.00000e-10
      1346.20  1.68315e-08  3.00000e-10
      1346.30  2.15222e-08  3.00000e-10
      1346.40  2.51524e-08  3.00000e-10
      1346.50  2.70158e-08  3.00000e-10
      1346.60  2.82585e-08  3.00000e-10
      1346.70  2.90887e-08  3.00000e-10
      1346.80  2.91932e-08  3.00000e-10
      1346.90  2.91606e-08  3.00000e-10
      1347.00  2.78241e-08  3.00000e-10
      1347.10  2.54020e-08  3.00000e-10
      1347.20  2.08432e-08  3.00000e-10
      1347.30  1.55626e-08  3.00000e-10
      1347.40  1.16717e-08  3.00000e-10
      1347.50  1.02926e-08  3.00000e-10
      1347.60  1.17764e-08  3.00000e-10
      1347.70  1.59905e-08  3.00000e-10
      1347.80  2.15882e-08  3.00000e-10
      1347.90  2.58245e-08  3.00000e-10
      1348.00  2.68799e-08  3.00000e-10
      1348.10  2.34199e-08  3.00000e-10
      1348.20  1.78050e-08  3.00000e-10
      1348.30  1.18111e-08  3.00000e-10
      1348.40  7.49474e-09  3.00000e-10
      1348.50  5.34971e-09  3.00000e-10
      1348.60  3.56146e-09  3.00000e-10
      1348.70  3.27303e-09  3.00000e-10
      1348.80  2.63658e-09  3.00000e-10
      1348.90  2.80714e-09  3.00000e-10
      1349.00  3.10430e-09  3.00000e-10
      1349.10  3.33948e-09  3.00000e-10
      1349.20  3.97502e-09  3.00000e-10
      1349.30  4.04528e-09  3.00000e-10
      1349.40  3.59705e-09  3.00000e-10
      1349.50  3.78725e-09  3.00000e-10
      1349.60  3.30170e-09  3.00000e-10
      1349.70  3.00824e-09  3.00000e-10
      1349.80  2.47409e-09  3.00000e-10
      1349.90  2.68243e-09  3.00000e-10
      1350.00  2.01819e-09  3.00000e-10
      