501
      1100.00  2.65550e-08  3.00000e-10
      1100.20  2.53970e-08  3.00000e-10
      1100.40  2.43914e-08  3.00000e-10
      1100.60  2.31992e-08  3.00000e-10
      1100.80  2.16795e-08  3.00000e-10
      1101.00  1.94380e-08  3.00000e-10
      1101.20  1.74065e-08  3.00000e-10
      1101.40  1.61957e-08  3.00000e-10
      1101.60  1.57185e-08  3.00000e-10
      1101.80  1.48810e-08  3.00000e-10
      1102.00  1.35879e-08  3.00000e-10
      1102.20  1.25585e-08  3.00000e-10
      1102.40  1.12427e-08  3.00000e-10
      1102.60  9.52452e-09  3.00000e-10
      1102.80  8.35191e-09  3.00000e-10
      1103.00  7.08330e-09  3.00000e-10
      1103.20  5.32465e-09  3.00000e-10
      1103.40  4.46717e-09  3.00000e-10
      1103.60  4.67008e-09  3.00000e-10
      1103.80  6.19370e-09  3.00000e-10
      1104.00  7.33268e-09  3.00000e-10
      1104.20  7.91349e-09  3.00000e-10
      1104.40  8.79258e-09  3.00000e-10
      1104.60  1.04031e-08  3.00000e-10
      1104.80  1.19536e-08  3.00000e-10
      1105.00  1.33281e-08  3.00000e-10
      1105.20  1.43156e-08  3.00000e-10
      1105.40  1.56413e-08  3.00000e-10
      1105.60  1.72976e-08  3.00000e-10
      1105.80  1.88578e-08  3.00000e-10
      1106.00  1.97710e-08  3.00000e-10
      1106.20  2.04059e-08  3.00000e-10
      1106.40  2.16698e-08  3.00000e-10
      1106.60  2.29959e-08  3.00000e-10
      1106.80  2.35681e-08  3.00000e-10
      1107.00  2.20934e-08  3.00000e-10
      1107.20  1.90916e-08  3.00000e-10
      1107.40  1.58297e-08  3.00000e-10
      1107.60  1.32946e-08  3.00000e-10
      1107.80  1.06093e-08  3.00000e-10
      1108.00  1.21671e-08  3.00000e-10
      1108.20  1.79553e-08  3.00000e-10
      1108.40  2.25860e-08  3.00000e-10
      1108.60  2.47950e-08  3.00000e-10
      1108.80  2.71247e-08  3.00000e-10
      1109.00  2.95468e-08  3.00000e-10
      1109.20  3.02225e-08  3.00000e-10
      1109.40  2.80750e-08  3.00000e-10
      1109.60  2.55173e-08  3.00000e-10
      1109.80  2.17453e-08  3.00000e-10
      1110.00  1.84239e-08  3.00000e-10
      1110.20  1.71199e-08  3.00000e-10
      1110.40  1.36906e-08  3.00000e-10
      1110.60  1.01430e-08  3.00000e-10
      1110.80  1.03146e-08  3.00000e-10
      1111.00  1.43396e-08  3.00000e-10
      1111.20  1.94067e-08  3.00000e-10
      1111.40  2.41783e-08  3.00000e-10
      1111.60  2.75022e-08  3.00000e-10
      1111.80  2.71834e-08  3.00000e-10
      1112.00  2.50360e-08  3.00000e-10
      1112.20  2.43218e-08  3.00000e-10
      1112.40  2.42090e-08  3.00000e-10
      1112.60  2.01304e-08  3.00000e-10
      1112.80  1.41044e-08  3.00000e-10
      1113.00  1.14922e-08  3.00000e-10
      1113.20  1.52247e-08  3.00000e-10
      1113.40  2.15234e-08  3.00000e-10
      1113.60  2.57485e-08  3.00000e-10
      1113.80  2.55037e-08  3.00000e-10
      1114.00  2.22804e-08  3.00000e-10
      1114.20  2.11520e-08  3.00000e-10
      1114.40  1.67617e-08  3.00000e-10
      1114.60  1.20024e-08  3.00000e-10
      1114.80  1.29315e-08  3.00000e-10
      1115.00  1.54958e-08  3.00000e-10
      1115.20  1.63178e-08  3.00000e-10
      1115.40  1.66043e-08  3.00000e-10
      1115.60  1.71667e-08  3.00000e-10
      1115.80  1.35599e-08  3.00000e-10
      1116.00  9.96199e-09  3.00000e-10
      1116.20  1.23048e-08  3.00000e-10
      1116.40  1.61976e-08  3.00000e-10
      1116.60  1.52928e-08  3.00000e-10
      1116.80  1.19013e-08  3.00000e-10
      1117.00  1.16566e-08  3.00000e-10
      1117.20  1.24311e-08  3.00000e-10
      1117.40  1.03138e-08  3.00000e-10
      1117.60  9.40370e-09  3.00000e-10
      1117.80  1.15630e-08  3.00000e-10
      1118.00  1.41155e-08  3.00000e-10
      1118.20  1.66756e-08  3.00000e-10
      1118.40  1.72242e-08  3.00000e-10
      1118.60  1.75630e-08  3.00000e-10
      1118.80  1.74018e-08  3.00000e-10
      1119.00  1.56061e-08  3.00000e-10
      1119.20  1.37794e-08  3.00000e-10
      1119.40  1.47704e-08  3.00000e-10
      1119.60  1.57811e-08  3.00000e-10
      1119.80  1.46509e-08  3.00000e-10
      1120.00  1.32619e-08  3.00000e-10
      1120.20  1.27286e-08  3.00000e-10
      1120.40  1.29389e-08  3.00000e-10
      1120.60  1.27129e-08  3.00000e-10
      1120.80  1.18302e-08  3.00000e-10
      1121.00  1.08016e-08  3.00000e-10
      1121.20  9.18941e-09  3.00000e-10
      1121.40  7.59996e-09  3.00000e-10
      1121.60  7.16587e-09  3.00000e-10
      1121.80  5.90247e-09  3.00000e-10
      1122.00  4.45167e-09  3.00000e-10
      1122.20  4.77967e-09  3.00000e-10
      1122.40  6.47177e-09  3.00000e-10
      1122.60  7.71168e-09  3.00000e-10
      1122.80  8.55115e-09  3.00000e-10
      1123.00  1.08230e-08  3.00000e-10
      1123.20  1.26611e-08  3.00000e-10
      1123.40  1.32451e-08  3.00000e-10
      1123.60  1.43663e-08  3.00000e-10
      1123.80  1.57423e-08  3.00000e-10
      1124.00  1.61106e-08  3.00000e-10
      1124.20  1.66482e-08  3.00000e-10
      1124.40  1.84177e-08  3.00000e-10
      1124.60  2.04258e-08  3.00000e-10
      1124.80  2.11993e-08  3.00000e-10
      1125.00  2.47133e-08  3.00000e-10
      1125.20  2.70258e-08  3.00000e-10
      1125.40  2.72781e-08  3.00000e-10
      1125.60  2.35155e-08  3.00000e-10
      1125.80  1.78122e-08  3.00000e-10
      1126.00  1.37470e-08  3.00000e-10
      1126.20  1.57961e-08  3.00000e-10
      1126.40  1.77122e-08  3.00000e-10
      1126.60  1.80522e-08  3.00000e-10
      1126.80  2.36542e-08  3.00000e-10
      1127.00  2.49146e-08  3.00000e-10
      1127.20  2.01812e-08  3.00000e-10
      1127.40  1.99436e-08  3.00000e-10
      1127.60  2.76048e-08  3.00000e-10
      1127.80  3.56404e-08  3.00000e-10
      1128.00  3.54929e-08  3.00000e-10
      1128.20  3.22013e-08  3.00000e-10
      1128.40  3.37537e-08  3.00000e-10
      1128.60  3.02495e-08  3.00000e-10
      1128.80  2.25380e-08  3.00000e-10
      1129.00  1.61750e-08  3.00000e-10
      1129.20  1.40153e-08  3.00000e-10
      1129.40  1.74290e-08  3.00000e-10
      1129.60  2.49074e-08  3.00000e-10
      1129.80  2.93616e-08  3.00000e-10
      1130.00  2.71749e-08  3.00000e-10
      1130.20  2.14956e-08  3.00000e-10
      1130.40  1.80988e-08  3.00000e-10
      1130.60  1.64457e-08  3.00000e-10
      1130.80  1.85255e-08  3.00000e-10
      1131.00  2.11522e-08  3.00000e-10
      1131.20  2.37656e-08  3.00000e-10
      1131.40  1.98950e-08  3.00000e-10
      1131.60  1.36551e-08  3.00000e-10
      1131.80  1.06289e-08  3.00000e-10
      1132.00  1.48515e-08  3.00000e-10
      1132.20  2.07243e-08  3.00000e-10
      1132.40  2.32139e-08  3.00000e-10
      1132.60  2.41030e-08  3.00000e-10
      1132.80  2.93895e-08  3.00000e-10
      1133.00  3.60458e-08  3.00000e-10
      1133.20  3.59324e-08  3.00000e-10
      1133.40  3.04394e-08  3.00000e-10
      1133.60  2.56683e-08  3.00000e-10
      1133.80  1.99140e-08  3.00000e-10
      1134.00  1.93196e-08  3.00000e-10
      1134.20  2.49991e-08  3.00000e-10
      1134.40  2.94640e-08  3.00000e-10
      1134.60  3.02662e-08  3.00000e-10
      1134.80  2.59962e-08  3.00000e-10
      1135.00  2.03537e-08  3.00000e-10
      1135.20  1.57763e-08  3.00000e-10
      1135.40  1.22651e-08  3.00000e-10
      1135.60  1.55849e-08  3.00000e-10
      1135.80  2.13446e-08  3.00000e-10
      1136.00  2.19835e-08  3.00000e-10
      1136.20  1.93920e-08  3.00000e-10
      1136.40  1.85552e-08  3.00000e-10
      1136.60  1.72052e-08  3.00000e-10
      1136.80  1.67838e-08  3.00000e-10
      1137.00  2.03948e-08  3.00000e-10
      1137.20  2.05236e-08  3.00000e-10
      1137.40  1.86612e-08  3.00000e-10
      1137.60  1.76420e-08  3.00000e-10
      1137.80  1.84106e-08  3.00000e-10
      1138.00  1.87349e-08  3.00000e-10
      1138.20  2.17143e-08  3.00000e-10
      1138.40  2.63709e-08  3.00000e-10
      1138.60  2.60415e-08  3.00000e-10
      1138.80  2.11419e-08  3.00000e-10
      1139.00  1.59777e-08  3.00000e-10
      1139.20  1.27587e-08  3.00000e-10
      1139.40  1.24151e-08  3.00000e-10
      1139.60  1.11628e-08  3.00000e-10
      1139.80  1.01781e-08  3.00000e-10
      1140.00  9.84099e-09  3.00000e-10
      1140.20  8.39325e-09  3.00000e-10
      1140.40  6.32685e-09  3.00000e-10
      1140.60  4.81235e-09  3.00000e-10
      1140.80  5.91214e-09  3.00000e-10
      1141.00  8.08425e-09  3.00000e-10
      1141.20  1.05465e-08  3.00000e-10
      1141.40  1.28936e-08  3.00000e-10
      1141.60  1.32175e-08  3.00000e-10
      1141.80  1.37347e-08  3.00000e-10
      1142.00  1.56350e-08  3.00000e-10
      1142.20  2.00188e-08  3.00000e-10
      1142.40  2.34372e-08  3.00000e-10
      1142.60  2.44346e-08  3.00000e-10
      1142.80  2.76386e-08  3.00000e-10
      1143.00  2.82260e-08  3.00000e-10
      1143.20  2.06759e-08  3.00000e-10
      1143.40  1.39180e-08  3.00000e-10
      1143.60  1.43017e-08  3.00000e-10
      1143.80  1.41802e-08  3.00000e-10
      1144.00  1.29272e-08  3.00000e-10
      1144.20  1.66731e-08  3.00000e-10
      1144.40  2.58833e-08  3.00000e-10
      1144.60  3.35760e-08  3.00000e-10
      1144.80  3.28780e-08  3.00000e-10
      1145.00  3.23982e-08  3.00000e-10
      1145.20  3.72170e-08  3.00000e-10
      1145.40  3.47548e-08  3.00000e-10
      1145.60  3.52195e-08  3.00000e-10
      1145.80  3.73948e-08  3.00000e-10
      1146.00  3.86774e-08  3.00000e-10
      1146.20  4.56118e-08  3.00000e-10
      1146.40  4.84908e-08  3.00000e-10
      1146.60  5.14070e-08  3.00000e-10
      1146.80  5.12076e-08  3.00000e-10
      1147.00  4.47559e-08  3.00000e-10
      1147.20  3.31386e-08  3.00000e-10
      1147.40  2.29631e-08  3.00000e-10
      1147.60  1.64982e-08  3.00000e-10
      1147.80  1.97156e-08  3.00000e-10
      1148.00  3.08522e-08  3.00000e-10
      1148.20  4.00816e-08  3.00000e-10
      1148.40  3.97141e-08  3.00000e-10
      1148.60  4.26385e-08  3.00000e-10
      1148.80  4.32194e-08  3.00000e-10
      1149.00  3.88299e-08  3.00000e-10
      1149.20  4.02394e-08  3.00000e-10
      1149.40  4.49830e-08  3.00000e-10
      1149.60  5.20742e-08  3.00000e-10
      1149.80  4.76739e-08  3.00000e-10
      1150.00  3.20964e-08  3.00000e-10
      1150.20  2.06544e-08  3.00000e-10
      1150.40  2.09579e-08  3.00000e-10
      1150.60  2.54912e-08  3.00000e-10
      1150.80  2.69909e-08  3.00000e-10
      1151.00  2.63573e-08  3.00000e-10
      1151.20  2.70524e-08  3.00000e-10
      1151.40  2.28282e-08  3.00000e-10
      1151.60  2.36702e-08  3.00000e-10
      1151.80  2.75871e-08  3.00000e-10
      1152.00  2.48306e-08  3.00000e-10
      1152.20  2.58826e-08  3.00000e-10
      1152.40  2.23894e-08  3.00000e-10
      1152.60  1.51527e-08  3.00000e-10
      1152.80  1.29966e-08  3.00000e-10
      1153.00  1.42459e-08  3.00000e-10
      1153.20  1.40287e-08  3.00000e-10
      1153.40  1.87444e-08  3.00000e-10
      1153.60  2.99203e-08  3.00000e-10
      1153.80  3.93110e-08  3.00000e-10
      1154.00  4.44302e-08  3.00000e-10
      1154.20  4.15691e-08  3.00000e-10
      1154.40  2.93510e-08  3.00000e-10
      1154.60  1.87639e-08  3.00000e-10
      1154.80  2.11235e-08  3.00000e-10
      1155.00  2.99097e-08  3.00000e-10
      1155.20  3.26054e-08  3.00000e-10
      1155.40  2.58584e-08  3.00000e-10
      1155.60  1.74925e-08  3.00000e-10
      1155.80  1.07089e-08  3.00000e-10
      1156.00  8.30693e-09  3.00000e-10
      1156.20  9.06997e-09  3.00000e-10
      1156.40  1.22270e-08  3.00000e-10
      1156.60  1.87508e-08  3.00000e-10
      1156.80  2.36093e-08  3.00000e-10
      1157.00  2.52262e-08  3.00000e-10
      1157.20  2.16884e-08  3.00000e-10
      1157.40  1.97470e-08  3.00000e-10
      1157.60  1.97163e-08  3.00000e-10
      1157.80  1.79069e-08  3.00000e-10
      1158.00  1.52461e-08  3.00000e-10
      1158.20  1.25367e-08  3.00000e-10
      1158.40  1.05366e-08  3.00000e-10
      1158.60  8.00893e-09  3.00000e-10
      1158.80  6.36749e-09  3.00000e-10
      1159.00  5.08301e-09  3.00000e-10
      1159.20  5.74797e-09  3.00000e-10
      1159.40  6.79149e-09  3.00000e-10
      1159.60  9.48746e-09  3.00000e-10
      1159.80  1.41440e-08  3.00000e-10
      1160.00  1.92310e-08  3.00000e-10
      1160.20  1.86739e-08  3.00000e-10
      1160.40  1.59895e-08  3.00000e-10
      1160.60  1.70446e-08  3.00000e-10
      1160.80  2.08045e-08  3.00000e-10
      1161.00  2.46337e-08  3.00000e-10
      1161.20  2.38851e-08  3.00000e-10
      1161.40  1.77112e-08  3.00000e-10
      1161.60  1.76515e-08  3.00000e-10
      1161.80  2.14214e-08  3.00000e-10
      1162.00  2.42498e-08  3.00000e-10
      1162.20  2.47847e-08  3.00000e-10
      1162.40  2.30278e-08  3.00000e-10
      1162.60  2.14086e-08  3.00000e-10
      1162.80  1.77484e-08  3.00000e-10
      1163.00  1.50731e-08  3.00000e-10
      1163.20  2.26769e-08  3.00000e-10
      1163.40  3.48907e-08  3.00000e-10
      1163.60  3.37030e-08  3.00000e-10
      1163.80  2.38761e-08  3.00000e-10
      1164.00  2.25894e-08  3.00000e-10
      1164.20  2.25791e-08  3.00000e-10
      1164.40  1.50652e-08  3.00000e-10
      1164.60  1.04988e-08  3.00000e-10
      1164.80  1.26026e-08  3.00000e-10
      1165.00  1.69264e-08  3.00000e-10
      1165.20  2.14279e-08  3.00000e-10
      1165.40  1.90367e-08  3.00000e-10
      1165.60  1.76102e-08  3.00000e-10
      1165.80  1.93339e-08  3.00000e-10
      1166.00  1.98093e-08  3.00000e-10
      1166.20  2.30384e-08  3.00000e-10
      1166.40  2.90645e-08  3.00000e-10
      1166.60  4.51450e-08  3.00000e-10
      1166.80  6.18258e-08  3.00000e-10
      1167.00  6.85811e-08  3.00000e-10
      1167.20  6.58916e-08  3.00000e-10
      1167.40  6.20571e-08  3.00000e-10
      1167.60  6.40402e-08  3.00000e-10
      1167.80  5.90110e-08  3.00000e-10
      1168.00  4.00331e-08  3.00000e-10
      1168.20  2.25794e-08  3.00000e-10
      1168.40  2.13761e-08  3.00000e-10
      1168.60  2.07472e-08  3.00000e-10
      1168.80  1.53051e-08  3.00000e-10
      1169.00  1.29617e-08  3.00000e-10
      1169.20  1.20481e-08  3.00000e-10
      1169.40  1.65008e-08  3.00000e-10
      1169.60  2.51360e-08  3.00000e-10
      1169.80  3.02052e-08  3.00000e-10
      1170.00  2.66635e-08  3.00000e-10
      1170.20  1.80110e-08  3.00000e-10
      1170.40  2.27285e-08  3.00000e-10
      1170.60  3.62726e-08  3.00000e-10
      1170.80  3.96199e-08  3.00000e-10
      1171.00  2.95747e-08  3.00000e-10
      1171.20  1.71362e-08  3.00000e-10
      1171.40  1.59533e-08  3.00000e-10
      1171.60  2.19973e-08  3.00000e-10
      1171.80  2.32527e-08  3.00000e-10
      1172.00  2.97099e-08  3.00000e-10
      1172.20  3.63906e-08  3.00000e-10
      1172.40  2.90141e-08  3.00000e-10
      1172.60  1.97533e-08  3.00000e-10
      1172.80  2.11236e-08  3.00000e-10
      1173.00  1.88337e-08  3.00000e-10
      1173.20  1.48091e-08  3.00000e-10
      1173.40  1.83476e-08  3.00000e-10
      1173.60  2.83539e-08  3.00000e-10
      1173.80  3.80766e-08  3.00000e-10
      1174.00  4.16651e-08  3.00000e-10
      1174.20  3.63372e-08  3.00000e-10
      1174.40  2.54147e-08  3.00000e-10
      1174.60  1.54467e-08  3.00000e-10
      1174.80  1.66015e-08  3.00000e-10
      1175.00  2.30171e-08  3.00000e-10
      1175.20  2.80788e-08  3.00000e-10
      1175.40  2.91466e-08  3.00000e-10
      1175.60  2.05551e-08  3.00000e-10
      1175.80  1.16755e-08  3.00000e-10
      1176.00  1.33290e-08  3.00000e-10
      1176.20  1.94529e-08  3.00000e-10
      1176.40  1.99571e-08  3.00000e-10
      1176.60  1.48228e-08  3.00000e-10
      1176.80  9.84883e-09  3.00000e-10
      1177.00  6.91627e-09  3.00000e-10
      1177.20  6.84312e-09  3.00000e-10
      1177.40  8.73182e-09  3.00000e-10
      1177.60  9.71023e-09  3.00000e-10
      1177.80  1.12879e-08  3.00000e-10
      1178.00  1.57586e-08  3.00000e-10
      1178.20  2.13254e-08  3.00000e-10
      1178.40  2.16562e-08  3.00000e-10
      1178.60  1.85095e-08  3.00000e-10
      1178.80  2.45651e-08  3.00000e-10
      1179.00  3.22850e-08  3.00000e-10
      1179.20  3.06756e-08  3.00000e-10
      1179.40  3.34422e-08  3.00000e-10
      1179.60  4.03495e-08  3.00000e-10
      1179.80  3.43013e-08  3.00000e-10
      1180.00  2.88400e-08  3.00000e-10
      1180.20  4.35215e-08  3.00000e-10
      1180.40  5.85938e-08  3.00000e-10
      1180.60  5.88011e-08  3.00000e-10
      1180.80  4.91045e-08  3.00000e-10
      1181.00  4.05909e-08  3.00000e-10
      1181.20  3.23092e-08  3.00000e-10
      1181.40  2.65247e-08  3.00000e-10
      1181.60  3.49740e-08  3.00000e-10
      1181.80  4.23688e-08  3.00000e-10
      1182.00  3.64263e-08  3.00000e-10
      1182.20  3.20451e-08  3.00000e-10
      1182.40  2.96063e-08  3.00000e-10
      1182.60  2.85847e-08  3.00000e-10
      1182.80  3.27066e-08  3.00000e-10
      1183.00  2.73318e-08  3.00000e-10
      1183.20  2.59589e-08  3.00000e-10
      1183.40  3.26132e-08  3.00000e-10
      1183.60  3.21941e-08  3.00000e-10
      1183.80  3.15014e-08  3.00000e-10
      1184.00  3.04882e-08  3.00000e-10
      1184.20  2.02422e-08  3.00000e-10
      1184.40  1.82320e-08  3.00000e-10
      1184.60  1.91389e-08  3.00000e-10
      1184.80  1.30743e-08  3.00000e-10
      1185.00  1.01567e-08  3.00000e-10
      1185.20  1.42439e-08  3.00000e-10
      1185.40  1.74914e-08  3.00000e-10
      1185.60  1.35097e-08  3.00000e-10
      1185.80  8.92416e-09  3.00000e-10
      1186.00  8.81618e-09  3.00000e-10
      1186.20  1.52768e-08  3.00000e-10
      1186.40  2.69448e-08  3.00000e-10
      1186.60  3.24509e-08  3.00000e-10
      1186.80  2.80500e-08  3.00000e-10
      1187.00  1.86030e-08  3.00000e-10
      1187.20  1.55340e-08  3.00000e-10
      1187.40  3.00593e-08  3.00000e-10
      1187.60  5.20130e-08  3.00000e-10
      1187.80  6.58438e-08  3.00000e-10
      1188.00  7.08561e-08  3.00000e-10
      1188.20  6.49939e-08  3.00000e-10
      1188.40  4.77194e-08  3.00000e-10
      1188.60  3.36649e-08  3.00000e-10
      1188.80  3.54102e-08  3.00000e-10
      1189.00  4.21942e-08  3.00000e-10
      1189.20  5.04111e-08  3.00000e-10
      1189.40  4.98434e-08  3.00000e-10
      1189.60  3.88078e-08  3.00000e-10
      1189.80  2.42893e-08  3.00000e-10
      1190.00  1.72130e-08  3.00000e-10
      1190.20  1.42124e-08  3.00000e-10
      1190.40  1.03362e-08  3.00000e-10
      1190.60  9.29341e-09  3.00000e-10
      1190.80  9.69716e-09  3.00000e-10
      1191.00  1.26740e-08  3.00000e-10
      1191.20  1.48923e-08  3.00000e-10
      1191.40  1.50282e-08  3.00000e-10
      1191.60  1.77980e-08  3.00000e-10
      1191.80  2.38137e-08  3.00000e-10
      1192.00  2.76128e-08  3.00000e-10
      1192.20  3.18262e-08  3.00000e-10
      1192.40  3.31050e-08  3.00000e-10
      1192.60  2.24725e-08  3.00000e-10
      1192.80  1.46564e-08  3.00000e-10
      1193.00  1.70104e-08  3.00000e-10
      1193.20  2.29934e-08  3.00000e-10
      1193.40  2.74509e-08  3.00000e-10
      1193.60  3.20479e-08  3.00000e-10
      1193.80  3.77382e-08  3.00000e-10
      1194.00  3.81836e-08  3.00000e-10
      1194.20  3.07975e-08  3.00000e-10
      1194.40  1.97343e-08  3.00000e-10
      1194.60  1.57267e-08  3.00000e-10
      1194.80  1.53046e-08  3.00000e-10
      1195.00  1.37854e-08  3.00000e-10
      1195.20  1.46512e-08  3.00000e-10
      1195.40  1.36802e-08  3.00000e-10
      1195.60  1.20358e-08  3.00000e-10
      1195.80  1.57744e-08  3.00000e-10
      1196.00  2.32567e-08  3.00000e-10
      1196.20  2.77341e-08  3.00000e-10
      1196.40  2.61426e-08  3.00000e-10
      1196.60  2.04217e-08  3.00000e-10
      1196.80  1.77276e-08  3.00000e-10
      1197.00  1.40027e-08  3.00000e-10
      1197.20  1.04466e-08  3.00000e-10
      1197.40  9.26561e-09  3.00000e-10
      1197.60  1.31328e-08  3.00000e-10
      1197.80  1.94141e-08  3.00000e-10
      1198.00  1.80276e-08  3.00000e-10
      1198.20  1.00678e-08  3.00000e-10
      1198.40  7.29144e-09  3.00000e-10
      1198.60  8.16282e-09  3.00000e-10
      1198.80  1.17612e-08  3.00000e-10
      1199.00  1.82000e-08  3.00000e-10
      1199.20  2.36193e-08  3.00000e-10
      1199.40  2.06300e-08  3.00000e-10
      1199.60  1.89683e-08  3.00000e-10
      1199.80  2.46688e-08  3.00000e-10
      1200.00  3.10739e-08  3.00000e-10
      