101
      1300.00  1.30000e-05  1.30000e-07
      1300.10  1.30010e-05  1.30010e-07
      1300.20  1.30020e-05  1.30020e-07
      1300.30  1.30030e-05  1.30030e-07
      1300.40  1.30040e-05  1.30040e-07
      1300.50  1.30050e-05  1.30050e-07
      1300.60  1.30060e-05  1.30060e-07
      1300.70  1.30070e-05  1.30070e-07
      1300.80  1.30080e-05  1.30080e-07
      1300.90  1.30090e-05  1.30090e-07
      1301.00  1.30100e-05  1.30100e-07
      1301.10  1.30110e-05  1.30110e-07
      1301.20  1.30120e-05  1.30120e-07
      1301.30  1.30130e-05  1.30130e-07
      1301.40  1.30140e-05  1.30140e-07
      1301.50  1.30150e-05  1.30150e-07
      1301.60  1.30160e-05  1.30160e-07
      1301.70  1.30170e-05  1.30170e-07
      1301.80  1.30180e-05  1.30180e-07
      1301.90  1.30190e-05  1.30190e-07
      1302.00  1.30200e-05  1.30200e-07
      1302.10  1.30210e-05  1.30210e-07
      1302.20  1.30220e-05  1.30220e-07
      1302.30  1.30230e-05  1.30230e-07
      1302.40  1.30240e-05  1.30240e-07
      1302.50  1.30250e-05  1.30250e-07
      1302.60  1.30260e-05  1.30260e-07
      1302.70  1.30270e-05  1.30270e-07
      1302.80  1.30280e-05  1.30280e-07
      1302.90  1.30290e-05  1.30290e-07
      1303.00  1.30300e-05  1.30300e-07
      1303.10  1.30310e-05  1.30310e-07
      1303.20  1.30320e-05  1.30320e-07
      1303.30  1.30330e-05  1.30330e-07
      1303.40  1.30340e-05  1.30340e-07
      1303.50  1.30350e-05  1.30350e-07
      1303.60  1.30360e-05  1.30360e-07
      1303.70  1.30370e-05  1.30370e-07
      1303.80  1.30380e-05  1.30380e-07
      1303.90  1.30390e-05  1.30390e-07
      1304.00  1.30400e-05  1.30400e-07
      1304.10  1.30410e-05  1.30410e-07
      1304.20  1.30420e-05  1.30420e-07
      1304.30  1.30430e-05  1.30430e-07
      1304.40  1.30440e-05  1.30440e-07
      1304.50  1.30450e-05  1.30450e-07
      1304.60  1.30460e-05  1.30460e-07
      1304.70  1.30470e-05  1.30470e-07
      1304.80  1.30480e-05  1.30480e-07
      1304.90  1.30490e-05  1.30490e-07
      1305.00  1.30500e-05  1.30500e-07
      1305.10  1.30510e-05  1.30510e-07
      1305.20  1.30520e-05  1.30520e-07
      1305.30  1.30530e-05  1.30530e-07
      1305.40  1.30540e-05  1.30540e-07
      1305.50  1.30550e-05  1.30550e-07
      1305.60  1.30560e-05  1.30560e-07
      1305.70  1.30570e-05  1.30570e-07
      1305.80  1.30580e-05  1.30580e-07
      1305.90  1.30590e-05  1.30590e-07
      1306.00  1.30600e-05  1.30600e-07
      1306.10  1.30610e-05  1.30610e-07
      1306.20  1.30620e-05  1.30620e-07
      1306.30  1.30630e-05  1.30630e-07
      1306.40  1.30640e-05  1.30640e-07
      1306.50  1.30650e-05  1.30650e-07
      1306.60  1.30660e-05  1.30660e-07
      1306.70  1.30670e-05  1.30670e-07
      1306.80  1.30680e-05  1.30680e-07
      1306.90  1.30690e-05  1.30690e-07
      1307.00  1.30700e-05  1.30700e-07
      1307.10  1.30710e-05  1.30710e-07
      1307.20  1.30720e-05  1.30720e-07
      1307.30  1.30730e-05  1.30730e-07
      1307.40  1.30740e-05  1.30740e-07
      1307.50  1.30750e-05  1.30750e-07
      1307.60  1.30760e-05  1.30760e-07
      1307.70  1.30770e-05  1.30770e-07
      1307.80  1.30780e-05  1.30780e-07
      1307.90  1.30790e-05  1.30790e-07
      1308.00  1.30800e-05  1.30800e-07
      1308.10  1.30810e-05  1.30810e-07
      1308.20  1.30820e-05  1.30820e-07
      1308.30  1.30830e-05  1.30830e-07
      1308.40  1.30840e-05  1.30840e-07
      1308.50  1.30850e-05  1.30850e-07
      1308.60  1.30860e-05  1.30860e-07
      1308.70  1.30870e-05  1.30870e-07
      1308.80  1.30880e-05  1.30880e-07
      1308.90  1.30890e-05  1.30890e-07
      1309.00  1.30900e-05  1.30900e-07
      1309.10  1.30910e-05  1.30910e-07
      1309.20  1.30920e-05  1.30920e-07
      1309.30  1.30930e-05  1.30930e-07
      1309.40  1.30940e-05  1.30940e-07
      1309.50  1.30950e-05  1.30950e-07
      1309.60  1.30960e-05  1.30960e-07
      1309.70  1.30970e-05  1.30970e-07
      1309.80  1.30980e-05  1.30980e-07
      1309.90  1.30990e-05  1.30990e-07
      1310.00  1.31000e-05  1.31000e-07
      