1000.0
2200.00 0.6467
2198.28 0.6463
2196.56 0.6459
2194.83 0.6455
2193.11 0.6451
2191.39 0.6447
2189.67 0.6443
2187.95 0.6439
2186.23 0.6435
2184.50 0.6431
2182.78 0.6426
2181.06 0.6422
2179.34 0.6418
2177.62 0.6414
2175.90 0.6410
2174.17 0.6406
2172.45 0.6402
2170.73 0.6398
2169.01 0.6394
2167.29 0.6390
2165.57 0.6386
2163.84 0.6382
2162.12 0.6378
2160.40 0.6374
2158.68 0.6370
2156.96 0.6366
2155.24 0.6362
2153.51 0.6358
2151.79 0.6354
2150.07 0.6350
2148.35 0.6346
2146.63 0.6342
2144.90 0.6338
2143.18 0.6334
2141.46 0.6330
2139.74 0.6326
2138.02 0.6322
2136.30 0.6318
2134.57 0.6314
2132.85 0.6310
2131.13 0.6306
2129.41 0.6302
2127.69 0.6298
2125.97 0.6294
2124.24 0.6290
2122.52 0.6286
2120.80 0.6282
2119.08 0.6278
2117.36 0.6274
2115.64 0.6270
2113.91 0.6266
2112.19 0.6262
2110.47 0.6258
2108.75 0.6254
2107.03 0.6250
2105.31 0.6246
2103.58 0.6242
2101.86 0.6238
2100.14 0.6234
2098.42 0.6230
2096.70 0.6226
2094.97 0.6222
2093.25 0.6218
2091.53 0.6214
2089.81 0.6210
2088.09 0.6206
2086.37 0.6202
2084.64 0.6198
2082.92 0.6193
2081.20 0.6189
2079.48 0.6185
2077.76 0.6181
2076.04 0.6177
2074.31 0.6173
2072.59 0.6169
2070.87 0.6165
2069.15 0.6161
2067.43 0.6157
2065.71 0.6153
2063.98 0.6149
2062.26 0.6145
2060.54 0.6141
2058.82 0.6137
2057.10 0.6133
2055.38 0.6129
2053.65 0.6125
2051.93 0.6121
2050.21 0.6117
2048.49 0.6113
2046.77 0.6109
2045.05 0.6105
2043.32 0.6101
2041.60 0.6097
2039.88 0.6093
2038.16 0.6089
2036.44 0.6085
2034.71 0.6081
2032.99 0.6077
2031.27 0.6073
2029.55 0.6069
2027.83 0.6065
2026.11 0.6061
2024.38 0.6057
2022.66 0.6053
2020.94 0.6049
2019.22 0.6045
2017.50 0.6041
2015.78 0.6037
2014.05 0.6033
2012.33 0.6029
2010.61 0.6025
2008.89 0.6021
2007.17 0.6017
2005.45 0.6013
2003.72 0.6009
2002.00 0.6005
2000.28 0.6001
1998.56 0.5997
1996.84 0.5993
1995.12 0.5989
1993.39 0.5985
1991.67 0.5981
1989.95 0.5977
1988.23 0.5973
1986.51 0.5969
1984.78 0.5964
1983.06 0.5960
1981.34 0.5956
1979.62 0.5952
1977.90 0.5948
1976.18 0.5944
1974.45 0.5940
1972.73 0.5936
1971.01 0.5932
1969.29 0.5928
1967.57 0.5924
1965.85 0.5920
1964.12 0.5916
1962.40 0.5912
1960.68 0.5908
1958.96 0.5904
1957.24 0.5900
1955.52 0.5896
1953.79 0.5892
1952.07 0.5888
1950.35 0.5884
1948.63 0.5880
1946.91 0.5876
1945.19 0.5872
1943.46 0.5868
1941.74 0.5864
1940.02 0.5860
1938.30 0.5856
1936.58 0.5852
1934.85 0.5848
1933.13 0.5844
1931.41 0.5840
1929.69 0.5836
1927.97 0.5832
1926.25 0.5828
1924.52 0.5824
1922.80 0.5820
1921.08 0.5816
1919.36 0.5812
1917.64 0.5808
1915.92 0.5804
1914.19 0.5800
1912.47 0.5796
1910.75 0.5792
1909.03 0.5788
1907.31 0.5784
1905.59 0.5780
1903.86 0.5776
1902.14 0.5772
1900.42 0.5768
1898.70 0.5764
1896.98 0.5760
1895.26 0.5756
1893.53 0.5752
1891.81 0.5748
1890.09 0.5744
1888.37 0.5740
1886.65 0.5736
1884.92 0.5731
1883.20 0.5727
1881.48 0.5723
1879.76 0.5719
1878.04 0.5715
1876.32 0.5711
1874.59 0.5707
1872.87 0.5703
1871.15 0.5699
1869.43 0.5695
1867.71 0.5691
1865.99 0.5687
1864.26 0.5683
1862.54 0.5679
1860.82 0.5675
1859.10 0.5671
1857.38 0.5667
1855.66 0.5663
1853.93 0.5659
1852.21 0.5655
1850.49 0.5651
1848.77 0.5647
1847.05 0.5643
1845.33 0.5639
1843.60 0.5635
1841.88 0.5631
1840.16 0.5627
1838.44 0.5623
1836.72 0.5619
1834.99 0.5615
1833.27 0.5611
1831.55 0.5607
1829.83 0.5603
1828.11 0.5599
1826.39 0.5595
1824.66 0.5591
1822.94 0.5587
1821.22 0.5583
1819.50 0.5579
1817.78 0.5575
1816.06 0.5571
1814.33 0.5567
1812.61 0.5563
1810.89 0.5559
1809.17 0.5555
1807.45 0.5551
1805.73 0.5547
1804.00 0.5543
1802.28 0.5539
1800.56 0.5535
1798.84 0.5531
1797.12 0.5527
1795.40 0.5523
1793.67 0.5519
1791.95 0.5515
1790.23 0.5511
1788.51 0.5507
1786.79 0.5503
1785.07 0.5498
1783.34 0.5494
1781.62 0.5490
1779.90 0.5486
1778.18 0.5482
1776.46 0.5478
1774.73 0.5474
1773.01 0.5470
1771.29 0.5466
1769.57 0.5462
1767.85 0.5458
1766.13 0.5454
1764.40 0.5450
1762.68 0.5446
1760.96 0.5442
1759.24 0.5438
1757.52 0.5434
1755.80 0.5430
1754.07 0.5426
1752.35 0.5422
1750.63 0.5418
1748.91 0.5414
1747.19 0.5410
1745.47 0.5406
1743.74 0.5402
1742.02 0.5398
1740.30 0.5394
1738.58 0.5390
1736.86 0.5386
1735.14 0.5382
1733.41 0.5378
1731.69 0.5374
1729.97 0.5370
1728.25 0.5366
1726.53 0.5362
1724.80 0.5358
1723.08 0.5354
1721.36 0.5350
1719.64 0.5346
1717.92 0.5342
1716.20 0.5338
1714.47 0.5334
1712.75 0.5330
1711.03 0.5326
1709.31 0.5322
1707.59 0.5318
1705.87 0.5314
1704.14 0.5310
1702.42 0.5306
1700.70 0.5302
1698.98 0.5298
1697.26 0.5294
1695.54 0.5290
1693.81 0.5286
1692.09 0.5282
1690.37 0.5278
1688.65 0.5274
1686.93 0.5269
1685.21 0.5265
1683.48 0.5261
1681.76 0.5257
1680.04 0.5253
1678.32 0.5249
1676.60 0.5245
1674.87 0.5241
1673.15 0.5237
1671.43 0.5233
1669.71 0.5229
1667.99 0.5225
1666.27 0.5221
1664.54 0.5217
1662.82 0.5213
1661.10 0.5209
1659.38 0.5205
1657.66 0.5201
1655.94 0.5197
1654.21 0.5193
1652.49 0.5189
1650.77 0.5185
1649.05 0.5181
1647.33 0.5177
1645.61 0.5173
1643.88 0.5169
1642.16 0.5165
1640.44 0.5161
1638.72 0.5157
1637.00 0.5153
1635.28 0.5149
1633.55 0.5145
1631.83 0.5141
1630.11 0.5137
1628.39 0.5133
1626.67 0.5129
1624.94 0.5125
1623.22 0.5121
1621.50 0.5117
1619.78 0.5113
1618.06 0.5109
1616.34 0.5105
1614.61 0.5101
1612.89 0.5097
1611.17 0.5093
1609.45 0.5089
1607.73 0.5085
1606.01 0.5081
1604.28 0.5077
1602.56 0.5073
1600.84 0.5069
1599.12 0.5065
1597.40 0.5061
1595.68 0.5057
1593.95 0.5053
1592.23 0.5049
1590.51 0.5045
1588.79 0.5041
1587.07 0.5036
1585.35 0.5032
1583.62 0.5028
1581.90 0.5024
1580.18 0.5020
1578.46 0.5016
1576.74 0.5012
1575.02 0.5008
1573.29 0.5004
1571.57 0.5000
1569.85 0.4996
1568.13 0.4992
1566.41 0.4988
1564.68 0.4984
1562.96 0.4980
1561.24 0.4976
1559.52 0.4972
1557.80 0.4968
1556.08 0.4964
1554.35 0.4960
1552.63 0.4956
1550.91 0.4952
1549.19 0.4948
1547.47 0.4944
1545.75 0.4940
1544.02 0.4936
1542.30 0.4932
1540.58 0.4928
1538.86 0.4924
1537.14 0.4920
1535.42 0.4916
1533.69 0.4912
1531.97 0.4908
1530.25 0.4904
1528.53 0.4900
1526.81 0.4896
1525.09 0.4892
1523.36 0.4888
1521.64 0.4884
1519.92 0.4880
1518.20 0.4876
1516.48 0.4872
1514.75 0.4868
1513.03 0.4864
1511.31 0.4860
1509.59 0.4856
1507.87 0.4852
1506.15 0.4848
1504.42 0.4844
1502.70 0.4840
1500.98 0.4836
1499.26 0.4832
1497.54 0.4828
1495.82 0.4824
1494.09 0.4820
1492.37 0.4816
1490.65 0.4812
1488.93 0.4808
1487.21 0.4803
1485.49 0.4799
1483.76 0.4795
1482.04 0.4791
1480.32 0.4787
1478.60 0.4783
1476.88 0.4779
1475.16 0.4775
1473.43 0.4771
1471.71 0.4767
1469.99 0.4763
1468.27 0.4759
1466.55 0.4755
1464.82 0.4751
1463.10 0.4747
1461.38 0.4743
1459.66 0.4739
1457.94 0.4735
1456.22 0.4731
1454.49 0.4727
1452.77 0.4723
1451.05 0.4719
1449.33 0.4715
1447.61 0.4711
1445.89 0.4707
1444.16 0.4703
1442.44 0.4699
1440.72 0.4695
1439.00 0.4691
1437.28 0.4687
1435.56 0.4683
1433.83 0.4679
1432.11 0.4675
1430.39 0.4671
1428.67 0.4667
1426.95 0.4663
1425.23 0.4659
1423.50 0.4655
1421.78 0.4651
1420.06 0.4647
1418.34 0.4643
1416.62 0.4639
1414.89 0.4635
1413.17 0.4631
1411.45 0.4627
1409.73 0.4623
1408.01 0.4619
1406.29 0.4615
1404.56 0.4611
1402.84 0.4607
1401.12 0.4603
1399.40 0.4599
1397.68 0.4595
1395.96 0.4591
1394.23 0.4587
1392.51 0.4583
1390.79 0.4579
1389.07 0.4574
1387.35 0.4570
1385.63 0.4566
1383.90 0.4562
1382.18 0.4558
1380.46 0.4554
1378.74 0.4550
1377.02 0.4546
1375.30 0.4542
1373.57 0.4538
1371.85 0.4534
1370.13 0.4530
1368.41 0.4526
1366.69 0.4522
1364.96 0.4518
1363.24 0.4514
1361.52 0.4510
1359.80 0.4506
1358.08 0.4502
1356.36 0.4498
1354.63 0.4494
1352.91 0.4490
1351.19 0.4486
1349.47 0.4482
1347.75 0.4478
1346.03 0.4474
1344.30 0.4470
1342.58 0.4466
1340.86 0.4462
1339.14 0.4458
1337.42 0.4454
1335.70 0.4450
1333.97 0.4446
1332.25 0.4442
1330.53 0.4438
1328.81 0.4434
1327.09 0.4430
1325.37 0.4426
1323.64 0.4422
1321.92 0.4418
1320.20 0.4414
1318.48 0.4410
1316.76 0.4406
1315.04 0.4402
1313.31 0.4398
1311.59 0.4394
1309.87 0.4390
1308.15 0.4386
1306.43 0.4382
1304.70 0.4378
1302.98 0.4374
1301.26 0.4370
1299.54 0.4366
1297.82 0.4362
1296.10 0.4358
1294.37 0.4354
1292.65 0.4350
1290.93 0.4346
1289.21 0.4341
1287.49 0.4337
1285.77 0.4333
1284.04 0.4329
1282.32 0.4325
1280.60 0.4321
1278.88 0.4317
1277.16 0.4313
1275.44 0.4309
1273.71 0.4305
1271.99 0.4301
1270.27 0.4297
1268.55 0.4293
1266.83 0.4289
1265.11 0.4285
1263.38 0.4281
1261.66 0.4277
1259.94 0.4273
1258.22 0.4269
1256.50 0.4265
1254.77 0.4261
1253.05 0.4257
1251.33 0.4253
1249.61 0.4249
1247.89 0.4245
1246.17 0.4241
1244.44 0.4237
1242.72 0.4233
1241.00 0.4229
1239.28 0.4225
1237.56 0.4221
1235.84 0.4217
1234.11 0.4213
1232.39 0.4209
1230.67 0.4205
1228.95 0.4201
1227.23 0.4197
1225.51 0.4193
1223.78 0.4189
1222.06 0.4185
1220.34 0.4181
1218.62 0.4177
1216.90 0.4173
1215.18 0.4169
1213.45 0.4165
1211.73 0.4161
1210.01 0.4157
1208.29 0.4153
1206.57 0.4149
1204.84 0.4145
1203.12 0.4141
1201.40 0.4137
1199.68 0.4133
1197.96 0.4129
1196.24 0.4125
1194.51 0.4121
1192.79 0.4117
1191.07 0.4112
1189.35 0.4108
1187.63 0.4104
1185.91 0.4100
1184.18 0.4096
1182.46 0.4092
1180.74 0.4088
1179.02 0.4084
1177.30 0.4080
1175.58 0.4076
1173.85 0.4072
1172.13 0.4068
1170.41 0.4064
1168.69 0.4060
1166.97 0.4056
1165.25 0.4052
1163.52 0.4048
1161.80 0.4044
1160.08 0.4040
1158.36 0.4036
1156.64 0.4032
1154.91 0.4028
1153.19 0.4024
1151.47 0.4020
1149.75 0.4016
1148.03 0.4012
1146.31 0.4008
1144.58 0.4004
1142.86 0.4000
1141.14 0.3996
1139.42 0.3992
1137.70 0.3988
1135.98 0.3984
1134.25 0.3980
1132.53 0.3976
1130.81 0.3972
1129.09 0.3968
1127.37 0.3964
1125.65 0.3960
1123.92 0.3956
1122.20 0.3952
1120.48 0.3948
1118.76 0.3944
1117.04 0.3940
1115.32 0.3936
1113.59 0.3932
1111.87 0.3928
1110.15 0.3924
1108.43 0.3920
1106.71 0.3916
1104.98 0.3912
1103.26 0.3908
1101.54 0.3904
1099.82 0.3900
1098.10 0.3896
1096.38 0.3892
1094.65 0.3888
1092.93 0.3884
1091.21 0.3879
1089.49 0.3875
1087.77 0.3871
1086.05 0.3867
1084.32 0.3863
1082.60 0.3859
1080.88 0.3855
1079.16 0.3851
1077.44 0.3847
1075.72 0.3843
1073.99 0.3839
1072.27 0.3835
1070.55 0.3831
1068.83 0.3827
1067.11 0.3823
1065.39 0.3819
1063.66 0.3815
1061.94 0.3811
1060.22 0.3807
1058.50 0.3803
1056.78 0.3799
1055.06 0.3795
1053.33 0.3791
1051.61 0.3787
1049.89 0.3783
1048.17 0.3779
1046.45 0.3775
1044.72 0.3771
1043.00 0.3767
1041.28 0.3763
1039.56 0.3759
1037.84 0.3755
1036.12 0.3751
1034.39 0.3747
1032.67 0.3743
1030.95 0.3739
1029.23 0.3735
1027.51 0.3731
1025.79 0.3727
1024.06 0.3723
1022.34 0.3719
1020.62 0.3715
1018.90 0.3711
1017.18 0.3707
1015.46 0.3703
1013.73 0.3699
1012.01 0.3695
1010.29 0.3691
1008.57 0.3687
1006.85 0.3683
1005.13 0.3679
1003.40 0.3675
1001.68 0.3671
999.96 0.3667
998.24 0.3663
996.52 0.3659
994.79 0.3655
993.07 0.3651
991.35 0.3646
989.63 0.3642
987.91 0.3638
986.19 0.3634
984.46 0.3630
982.74 0.3626
981.02 0.3622
979.30 0.3618
977.58 0.3614
975.86 0.3610
974.13 0.3606
972.41 0.3602
970.69 0.3598
968.97 0.3594
967.25 0.3590
965.53 0.3586
963.80 0.3582
962.08 0.3578
960.36 0.3574
958.64 0.3570
956.92 0.3566
955.20 0.3562
953.47 0.3558
951.75 0.3554
950.03 0.3550
948.31 0.3546
946.59 0.3542
944.86 0.3538
943.14 0.3534
941.42 0.3530
939.70 0.3526
937.98 0.3522
936.26 0.3518
934.53 0.3514
932.81 0.3510
931.09 0.3506
929.37 0.3502
927.65 0.3498
925.93 0.3494
924.20 0.3490
922.48 0.3486
920.76 0.3482
919.04 0.3478
917.32 0.3474
915.60 0.3470
913.87 0.3466
912.15 0.3462
910.43 0.3458
908.71 0.3454
906.99 0.3450
905.27 0.3446
903.54 0.3442
901.82 0.3438
900.10 0.3434
898.38 0.3430
896.66 0.3426
894.93 0.3422
893.21 0.3417
891.49 0.3413
889.77 0.3409
888.05 0.3405
886.33 0.3401
884.60 0.3397
882.88 0.3393
881.16 0.3389
879.44 0.3385
877.72 0.3381
876.00 0.3377
874.27 0.3373
872.55 0.3369
870.83 0.3365
869.11 0.3361
867.39 0.3357
865.67 0.3353
863.94 0.3349
862.22 0.3345
860.50 0.3341
858.78 0.3337
857.06 0.3333
855.34 0.3329
853.61 0.3325
851.89 0.3321
850.17 0.3317
848.45 0.3313
846.73 0.3309
845.01 0.3305
843.28 0.3301
841.56 0.3297
839.84 0.3293
838.12 0.3289
836.40 0.3285
834.67 0.3281
832.95 0.3277
831.23 0.3273
829.51 0.3269
827.79 0.3265
826.07 0.3261
824.34 0.3257
822.62 0.3253
820.90 0.3249
819.18 0.3245
817.46 0.3241
815.74 0.3237
814.01 0.3233
812.29 0.3229
810.57 0.3225
808.85 0.3221
807.13 0.3217
805.41 0.3213
803.68 0.3209
801.96 0.3205
800.24 0.3201
798.52 0.3197
796.80 0.3193
795.08 0.3189
793.35 0.3184
791.63 0.3180
789.91 0.3176
788.19 0.3172
786.47 0.3168
784.74 0.3164
783.02 0.3160
781.30 0.3156
779.58 0.3152
777.86 0.3148
776.14 0.3144
774.41 0.3140
772.69 0.3136
770.97 0.3132
769.25 0.3128
767.53 0.3124
765.81 0.3120
764.08 0.3116
762.36 0.3112
760.64 0.3108
758.92 0.3104
757.20 0.3100
755.48 0.3096
753.75 0.3092
752.03 0.3088
750.31 0.3084
748.59 0.3080
746.87 0.3076
745.15 0.3072
743.42 0.3068
741.70 0.3064
739.98 0.3060
738.26 0.3056
736.54 0.3052
734.81 0.3048
733.09 0.3044
731.37 0.3040
729.65 0.3036
727.93 0.3032
726.21 0.3028
724.48 0.3024
722.76 0.3020
721.04 0.3016
719.32 0.3012
717.60 0.3008
715.88 0.3004
714.15 0.3000
712.43 0.2996
710.71 0.2992
708.99 0.2988
707.27 0.2984
705.55 0.2980
703.82 0.2976
702.10 0.2972
700.38 0.2968
698.66 0.2964
696.94 0.2960
695.22 0.2956
693.49 0.2951
691.77 0.2947
690.05 0.2943
688.33 0.2939
686.61 0.2935
684.88 0.2931
683.16 0.2927
681.44 0.2923
679.72 0.2919
678.00 0.2915
676.28 0.2911
674.55 0.2907
672.83 0.2903
671.11 0.2899
669.39 0.2895
667.67 0.2891
665.95 0.2887
664.22 0.2883
662.50 0.2879
660.78 0.2875
659.06 0.2871
657.34 0.2867
655.62 0.2863
653.89 0.2859
652.17 0.2855
650.45 0.2851
648.73 0.2847
647.01 0.2843
645.29 0.2839
643.56 0.2835
641.84 0.2831
640.12 0.2827
638.40 0.2823
636.68 0.2819
634.95 0.2815
633.23 0.2811
631.51 0.2807
629.79 0.2803
628.07 0.2799
626.35 0.2795
624.62 0.2791
622.90 0.2787
621.18 0.2783
619.46 0.2779
617.74 0.2775
616.02 0.2771
614.29 0.2767
612.57 0.2763
610.85 0.2759
609.13 0.2755
607.41 0.2751
605.69 0.2747
603.96 0.2743
602.24 0.2739
600.52 0.2735
598.80 0.2731
597.08 0.2727
595.36 0.2722
593.63 0.2718
591.91 0.2714
590.19 0.2710
588.47 0.2706
586.75 0.2702
585.03 0.2698
583.30 0.2694
581.58 0.2690
579.86 0.2686
578.14 0.2682
576.42 0.2678
574.69 0.2674
572.97 0.2670
571.25 0.2666
569.53 0.2662
567.81 0.2658
566.09 0.2654
564.36 0.2650
562.64 0.2646
560.92 0.2642
559.20 0.2638
557.48 0.2634
555.76 0.2630
554.03 0.2626
552.31 0.2622
550.59 0.2618
548.87 0.2614
547.15 0.2610
545.43 0.2606
543.70 0.2602
541.98 0.2598
540.26 0.2594
538.54 0.2590
536.82 0.2586
535.10 0.2582
533.37 0.2578
531.65 0.2574
529.93 0.2570
528.21 0.2566
526.49 0.2562
524.76 0.2558
523.04 0.2554
521.32 0.2550
519.60 0.2546
517.88 0.2542
516.16 0.2538
514.43 0.2534
512.71 0.2530
510.99 0.2526
509.27 0.2522
507.55 0.2518
505.83 0.2514
504.10 0.2510
502.38 0.2506
500.66 0.2502
498.94 0.2498
497.22 0.2494
495.50 0.2489
493.77 0.2485
492.05 0.2481
490.33 0.2477
488.61 0.2473
486.89 0.2469
485.17 0.2465
483.44 0.2461
481.72 0.2457
480.00 0.2453
